#REFERENCE 3 47.2332780 26.7604953
81    0.00    0.00 300.34 300.34   0.000    0.00  10.000 1500.000  600.0 0.356   0.00 O1 0  704.8
81    0.00    0.00  10.01  10.01   0.000    0.00   0.500  50.000  200.0 0.356   0.00 O2 1  265.3
81    1.69  -43.61  12.36  11.22  21.100    0.10   0.420  56.047    1.7 0.356  17.76 2 2    2.3
81  -10.32  -31.04  12.07  11.20  53.690    0.07   0.419  55.924    1.7 0.356  17.77 3 3    2.2
81  -20.30   23.79  11.62  10.58 -75.490    0.09   0.396  52.824    1.6 0.356  17.89 4 4    2.2
81  -56.11   10.36  11.72  10.56  79.340    0.10   0.395  52.721    1.6 0.356  17.90 5 5    2.2
81   39.36  -23.31  13.96   9.90  51.760    0.33   0.371  49.433    1.6 0.356  18.04 6 6    2.1
81    0.80    2.77  14.14   9.61 -24.000    0.37   0.360  48.017    1.5 0.356  18.10 7 7    2.1
81   15.27   56.39  12.12   9.53  29.020    0.24   0.357  47.597    1.5 0.356  18.12 8 8    2.1
81   46.55  -52.79  14.61   8.98 -57.050    0.45   0.336  44.832    1.5 0.356  18.25 9 9    2.0
81    4.29  -26.04  15.54   8.94  54.820    0.50   0.335  44.642    1.5 0.356  18.26 10 10    2.0
81  -41.64   29.45  14.03   8.23 -89.970    0.49   0.308  41.106    1.4 0.356  18.44 11 11    1.9
81    0.21    9.90  19.78   7.98 -48.010    0.72   0.299  39.875    1.4 0.356  18.50 12 12    1.9
81    4.62   -1.20   9.20   7.92  54.500    0.15   0.297  39.549    1.4 0.356  18.52 13 13    1.9
81   11.61  -65.34  12.59   7.63 -60.920    0.46   0.286  38.118    1.4 0.356  18.60 14 14    1.9
81   50.28  -38.96   8.31   7.37 -81.440    0.12   0.276  36.799    1.4 0.356  18.68 15 15    1.8
81   29.11   -2.36   7.66   7.15 -55.530    0.07   0.268  35.705    1.3 0.356  18.74 16 16    1.8
81    5.16   20.40  10.82   6.81  65.220    0.43   0.255  34.022    1.3 0.356  18.85 17 17    1.8
81    3.29   -0.96   9.72   6.76  48.100    0.35   0.253  33.781    1.3 0.356  18.86 18 18    1.8
81   27.69  -15.54   9.01   6.64   0.100    0.30   0.249  33.154    1.3 0.356  18.90 19 19    1.7
81  -45.68   16.28   7.20   6.52  61.600    0.10   0.244  32.544    1.3 0.356  18.94 20 20    1.7
81   -2.97  -61.58  14.01   6.49 -15.510    0.65   0.243  32.436    1.3 0.356  18.95 21 21    1.7
81  -17.63  -38.64   7.82   6.41 -13.230    0.20   0.240  32.016    1.3 0.356  18.98 22 22    1.7
81   -3.82    2.01  11.60   6.38 -28.340    0.54   0.239  31.841    1.3 0.356  18.99 23 23    1.7
81   49.16  -52.49  11.04   6.32 -52.810    0.51   0.237  31.552    1.3 0.356  19.01 24 24    1.7
81  -50.77    8.57   8.05   6.28 -33.730    0.24   0.235  31.365    1.3 0.356  19.02 25 25    1.7
81    3.00   -4.27   6.60   6.27  13.560    0.05   0.235  31.316    1.3 0.356  19.03 26 26    1.7
81  -48.35   15.85   7.74   6.20 -68.760    0.22   0.232  30.953    1.2 0.356  19.05 27 27    1.7
81  -17.17  -30.93   6.69   6.03   6.060    0.10   0.226  30.109    1.2 0.356  19.11 28 28    1.7
81  -38.46  -32.79   8.08   6.02 -89.930    0.29   0.225  30.045    1.2 0.356  19.12 29 29    1.7
81   -1.27   29.77   7.72   5.90 -63.440    0.26   0.221  29.491    1.2 0.356  19.16 30 30    1.6
81  -51.55   23.47   7.58   5.81 -57.610    0.26   0.218  29.024    1.2 0.356  19.19 31 31    1.6
81   40.05   10.05   7.49   5.60  42.460    0.28   0.210  27.944    1.2 0.356  19.27 32 32    1.6
81  -16.27   -4.03  11.45   5.57  -8.310    0.62   0.209  27.829    1.2 0.356  19.28 33 33    1.6
81   26.66    6.50  10.93   5.57  84.720    0.59   0.209  27.820    1.2 0.356  19.28 34 34    1.6
81  -12.09  -54.49   5.73   5.23  -3.070    0.09   0.196  26.134    1.1 0.356  19.42 35 35    1.5
81    6.83  -13.40   5.42   5.15  85.140    0.05   0.193  25.698    1.1 0.356  19.46 36 36    1.5
81  -56.24  -14.69   6.89   5.14 -37.750    0.29   0.193  25.667    1.1 0.356  19.46 37 37    1.5
81  -29.52   52.22   5.46   5.10  15.080    0.07   0.191  25.454    1.1 0.356  19.48 38 38    1.5
81   19.58  -17.80   5.73   5.06 -30.950    0.12   0.189  25.257    1.1 0.356  19.49 39 39    1.5
81    5.92    0.77   8.17   5.03 -18.890    0.45   0.188  25.098    1.1 0.356  19.51 40 40    1.5
81  -58.49  -28.69   5.90   4.96 -53.020    0.17   0.186  24.793    1.1 0.356  19.53 41 41    1.5
81  -70.94  -14.70   5.78   4.94  62.670    0.15   0.185  24.691    1.1 0.356  19.54 42 42    1.5
81    3.72   40.46   5.08   4.86 -74.990    0.04   0.182  24.277    1.1 0.356  19.58 43 43    1.5
81   31.38   25.00   5.61   4.85 -15.940    0.15   0.182  24.218    1.1 0.356  19.58 44 44    1.5
81   54.29  -16.05   6.82   4.83  88.300    0.33   0.181  24.102    1.1 0.356  19.59 45 45    1.5
81    6.01   -7.17   5.56   4.80  80.120    0.14   0.180  23.985    1.1 0.356  19.61 46 46    1.5
81   -5.88   12.83   8.24   4.78 -67.260    0.50   0.179  23.883    1.1 0.356  19.61 47 47    1.5
81  -36.17    2.66   7.16   4.75 -28.400    0.39   0.178  23.702    1.1 0.356  19.63 48 48    1.5
81  -68.91   -1.60  10.27   4.64  79.950    0.66   0.174  23.188    1.1 0.356  19.68 49 49    1.4
81    0.91    1.24   6.82   4.46  33.790    0.40   0.167  22.287    1.1 0.356  19.76 50 50    1.4
81    1.02    0.92   5.26   4.43  57.400    0.17   0.166  22.148    1.1 0.356  19.78 51 51    1.4
81   10.62   33.36   5.99   4.35  50.080    0.31   0.163  21.711    1.0 0.356  19.82 52 52    1.4
81   15.46  -67.37   6.63   4.32 -52.710    0.40   0.162  21.573    1.0 0.356  19.84 53 53    1.4
81   -2.89   -5.51   4.92   4.30 -24.180    0.13   0.161  21.498    1.0 0.356  19.84 54 54    1.4
81  -16.78   15.18   5.95   4.29 -62.380    0.32   0.161  21.438    1.0 0.356  19.85 55 55    1.4
81  -16.94   -0.91   5.87   4.15 -60.660    0.33   0.155  20.730    1.0 0.356  19.92 56 56    1.4
81  -18.56  -50.69   8.22   4.05  53.310    0.61   0.152  20.235    1.0 0.356  19.97 57 57    1.3
81   65.74  -21.86   4.46   3.89  79.590    0.14   0.146  19.429    1.0 0.356  20.06 58 58    1.3
81   -2.52   -4.88   4.28   3.83 -34.620    0.11   0.144  19.135    1.0 0.356  20.10 59 59    1.3
81   34.95  -19.71   5.43   3.83 -42.330    0.34   0.143  19.106    1.0 0.356  20.10 60 60    1.3
81   31.21   22.98  41.60   3.79  85.580    0.98   0.142  18.922    1.0 0.356  20.12 61 61    1.3
81  -14.64  -34.92   4.45   3.77  33.930    0.16   0.141  18.822    1.0 0.356  20.13 62 62    1.3
81  -32.72  -40.63   5.17   3.75  52.350    0.31   0.140  18.713    1.0 0.356  20.14 63 63    1.3
81    5.65    0.10   4.64   3.73 -53.400    0.22   0.140  18.615    1.0 0.356  20.16 64 64    1.3
81   18.04   29.22   4.43   3.66 -16.590    0.19   0.137  18.271    1.0 0.356  20.20 65 65    1.3
81  -11.47   30.48   4.43   3.65  84.220    0.19   0.137  18.253    1.0 0.356  20.20 66 66    1.3
81  -53.08   -2.95   3.99   3.65  83.740    0.09   0.137  18.240    1.0 0.356  20.20 67 67    1.3
81  -18.79   18.51   3.78   3.49 -68.250    0.08   0.131  17.423    0.9 0.356  20.30 68 68    1.2
81   39.18   10.55   4.27   3.49 -80.970    0.20   0.131  17.415    0.9 0.356  20.30 69 69    1.2
81   15.07  -12.48   3.58   3.43 -68.620    0.04   0.129  17.134    0.9 0.356  20.34 70 70    1.2
81   44.18  -12.44   5.87   3.39  35.460    0.50   0.127  16.941    0.9 0.356  20.36 71 71    1.2
81  -50.88   -1.98   4.26   3.38  43.590    0.23   0.126  16.862    0.9 0.356  20.37 72 72    1.2
81   32.27  -56.61   5.45   3.33 -42.470    0.46   0.125  16.627    0.9 0.356  20.40 73 73    1.2
81   30.75   45.45   3.37   3.31  61.820    0.02   0.124  16.521    0.9 0.356  20.41 74 74    1.2
81  -15.31   -3.97   4.07   3.24 -58.490    0.22   0.121  16.180    0.9 0.356  20.46 75 75    1.2
81  -27.94   17.86   3.93   3.22  80.720    0.20   0.121  16.100    0.9 0.356  20.47 76 76    1.2
81   15.20   39.48   4.37   3.08 -44.420    0.34   0.115  15.361    0.9 0.356  20.57 77 77    1.1
81   56.04  -40.76   6.56   3.06  29.390    0.64   0.115  15.270    0.9 0.356  20.59 78 78    1.1
81  -28.02   26.12   3.81   3.06 -83.990    0.22   0.114  15.266    0.9 0.356  20.59 79 79    1.1
81    2.43    0.35   5.36   2.99  -0.540    0.53   0.112  14.942    0.9 0.356  20.63 80 80    1.1
81   -7.24   -6.47   3.18   2.98  72.040    0.06   0.112  14.905    0.9 0.356  20.64 81 81    1.1
81   53.28  -34.91   3.64   2.94 -72.100    0.21   0.110  14.659    0.9 0.356  20.67 82 82    1.1
81   52.52  -24.16   3.64   2.93 -51.940    0.21   0.110  14.655    0.9 0.356  20.68 83 83    1.1
81    3.51   22.06   3.68   2.92  89.400    0.23   0.109  14.588    0.9 0.356  20.69 84 84    1.1
81  -28.37  -17.03   2.90   2.80 -79.800    0.03   0.105  14.000    0.8 0.356  20.77 85 85    1.1
81  -45.00   -4.70   4.10   2.78  74.430    0.37   0.104  13.902    0.8 0.356  20.79 86 86    1.1
81  -44.46  -24.66   4.27   2.74 -13.000    0.42   0.103  13.703    0.8 0.356  20.82 87 87    1.1
81    2.55   20.47   2.74   2.68 -64.630    0.02   0.100  13.398    0.8 0.356  20.87 88 88    1.1
81   -6.39   69.97   4.95   2.68  61.860    0.55   0.100  13.369    0.8 0.356  20.87 89 89    1.1
81  -36.47    7.17   3.77   2.67  79.530    0.33   0.100  13.342    0.8 0.356  20.88 90 90    1.1
81  -59.17  -31.98   4.38   2.62 -71.990    0.47   0.098  13.073    0.8 0.356  20.92 91 91    1.0
81  -61.77  -28.86   3.25   2.60 -87.500    0.22   0.097  12.987    0.8 0.356  20.94 92 92    1.0
81    6.51  -29.20   2.76   2.53  -3.260    0.09   0.095  12.626    0.8 0.356  21.00 93 93    1.0
81    8.72  -42.82   4.50   2.47  52.080    0.54   0.093  12.361    0.8 0.356  21.04 94 94    1.0
81   -9.46  -61.22   4.30   2.42  15.930    0.52   0.091  12.110    0.8 0.356  21.09 95 95    1.0
81   19.91  -43.48   4.88   2.42 -17.390    0.61   0.090  12.065    0.8 0.356  21.10 96 96    1.0
81   12.77  -14.16   2.83   2.41  42.420    0.16   0.090  12.047    0.8 0.356  21.10 97 97    1.0
81   -6.91    9.38   3.26   2.40 -53.030    0.30   0.090  11.983    0.8 0.356  21.11 98 98    1.0
81   17.40   10.76   4.75   2.36  79.000    0.60   0.088  11.794    0.8 0.356  21.15 99 99    1.0
81  -55.47    8.76   5.02   2.32  77.160    0.65   0.087  11.595    0.8 0.356  21.18 100 100    1.0
81   -5.60  -48.15   3.01   2.27  41.470    0.28   0.085  11.320    0.8 0.356  21.24 101 101    1.0
81   21.19   36.69   2.52   2.25 -64.460    0.11   0.084  11.239    0.7 0.356  21.25 102 102    1.0
81    0.86   -6.63   3.65   2.25  82.080    0.45   0.084  11.215    0.7 0.356  21.26 103 103    1.0
81   63.52   19.26   2.58   2.22 -41.960    0.15   0.083  11.067    0.7 0.356  21.29 104 104    0.9
81   24.85  -40.15   2.58   2.20  -6.990    0.16   0.083  11.012    0.7 0.356  21.30 105 105    0.9
81  -64.34  -18.74   4.01   2.18 -80.840    0.54   0.082  10.902    0.7 0.356  21.32 106 106    0.9
81   54.03   17.39   2.29   2.15  35.760    0.07   0.080  10.716    0.7 0.356  21.35 107 107    0.9
81  -11.22  -18.96   2.53   2.14 -27.720    0.16   0.080  10.701    0.7 0.356  21.36 108 108    0.9
81   -9.67   24.40   2.48   2.12  13.560    0.15   0.080  10.603    0.7 0.356  21.38 109 109    0.9
81    0.79  -41.20   2.47   2.10 -81.030    0.16   0.079  10.504    0.7 0.356  21.40 110 110    0.9
81    4.18  -28.23   2.31   2.06 -89.170    0.11   0.077  10.269    0.7 0.356  21.45 111 111    0.9
81   49.14   12.58   2.09   2.00  20.700    0.05   0.075   9.984    0.7 0.356  21.51 112 112    0.9
81   16.76  -12.82   2.03   1.89  -2.630    0.07   0.071   9.450    0.7 0.356  21.63 113 113    0.9
81   13.64  -23.62   1.95   1.88  83.130    0.04   0.071   9.401    0.7 0.356  21.64 114 114    0.9
81  -61.19    1.47   2.26   1.84  34.540    0.20   0.069   9.203    0.7 0.356  21.69 115 115    0.8
81  -18.51  -42.61   2.33   1.80  46.380    0.25   0.067   8.975    0.7 0.356  21.74 116 116    0.8
81  -44.85   39.68   2.99   1.78  19.480    0.48   0.067   8.895    0.7 0.356  21.76 117 117    0.8
81   41.94  -34.85   2.10   1.77  82.700    0.17   0.066   8.845    0.7 0.356  21.77 118 118    0.8
81   48.45  -47.18   2.30   1.75 -47.700    0.26   0.066   8.763    0.7 0.356  21.79 119 119    0.8
81   18.00  -54.38   3.75   1.75 -87.120    0.64   0.066   8.749    0.7 0.356  21.80 120 120    0.8
81   42.92   -8.41   2.01   1.74  83.830    0.14   0.065   8.697    0.7 0.356  21.81 121 121    0.8
81   27.58   12.73   2.93   1.68 -33.710    0.51   0.063   8.368    0.6 0.356  21.89 122 122    0.8
81   59.27  -32.73   2.20   1.63 -12.700    0.29   0.061   8.164    0.6 0.356  21.95 123 123    0.8
81  -47.86   40.78   1.81   1.60 -64.510    0.12   0.060   7.967    0.6 0.356  22.00 124 124    0.8
81  -30.61   57.72   1.67   1.58 -43.510    0.05   0.059   7.905    0.6 0.356  22.02 125 125    0.8
81    0.14   69.69   1.72   1.57 -82.270    0.09   0.059   7.864    0.6 0.356  22.03 126 126    0.8
81  -67.12   -7.55   2.25   1.56   8.180    0.35   0.059   7.801    0.6 0.356  22.04 127 127    0.8
81  -25.73  -27.13   2.74   1.54  46.980    0.52   0.058   7.690    0.6 0.356  22.08 128 128    0.8
81  -33.75   72.13   1.86   1.53  78.020    0.19   0.057   7.648    0.6 0.356  22.09 129 129    0.8
81   27.78   14.22   1.88   1.52  58.080    0.21   0.057   7.602    0.6 0.356  22.10 130 130    0.8
81  -22.32   55.28   1.57   1.52  49.640    0.04   0.057   7.567    0.6 0.356  22.11 131 131    0.7
81   45.02   -7.42   3.89   1.50  56.360    0.74   0.056   7.499    0.6 0.356  22.13 132 132    0.7
81   30.73  -25.69   2.20   1.48 -85.520    0.38   0.055   7.385    0.6 0.356  22.16 133 133    0.7
81   -6.79  -25.95   1.59   1.47  15.660    0.08   0.055   7.351    0.6 0.356  22.17 134 134    0.7
81  -31.95   46.82   2.21   1.46  -9.800    0.40   0.055   7.281    0.6 0.356  22.19 135 135    0.7
81  -16.22   27.23   1.50   1.45 -60.770    0.04   0.054   7.233    0.6 0.356  22.21 136 136    0.7
81   -7.99   32.56   2.49   1.44 -12.330    0.50   0.054   7.205    0.6 0.356  22.22 137 137    0.7
81  -31.06  -37.78   1.54   1.40 -73.430    0.09   0.052   6.993    0.6 0.356  22.28 138 138    0.7
81    3.86   29.01   2.28   1.38 -63.720    0.46   0.052   6.911    0.6 0.356  22.31 139 139    0.7
81   33.12  -40.95   0.51   0.45   6.390    0.13   0.017   2.251    0.3 0.356  24.74 140 140    0.4
