#REFERENCE 0 47.2332780 26.7604953
1.3 47.2388402 26.7603040 0.000000 0.000000 0.00000 1.2700 0.00 
1.3 47.2345000 26.7603311 0.000000 0.000000 0.00000 1.2700 0.00 
1.3 47.2222900 26.7659840 0.000000 0.000000 0.00000 1.2700 0.00 
1.2 47.2383144 26.7602752 0.000000 0.000000 0.00000 1.2700 0.00 
1.2 47.2346480 26.7603380 0.000000 0.000000 0.00000 1.2700 0.00 
1.2 47.2220261 26.7657729 0.000000 0.000000 0.00000 1.2700 0.00 
1.1 47.2382710 26.7602990 0.000000 0.000000 0.00000 1.2700 0.00 
1.1 47.2346656 26.7603473 0.000000 0.000000 0.00000 1.2700 0.00 
1.1 47.2219842 26.7657019 0.000000 0.000000 0.00000 1.2700 0.00 
10.1b 47.2416830 26.7613210 0.000000 0.000000 0.00000 1.7981 0.00 
10.1b 47.2337446 26.7603810 0.000000 0.000000 0.00000 1.7981 0.00 
10.1b 47.2234931 26.7688645 0.000000 0.000000 0.00000 1.7981 0.00 
10.1a 47.2418389 26.7609435 0.000000 0.000000 0.00000 1.7981 0.00 
10.1a 47.2337320 26.7603301 0.000000 0.000000 0.00000 1.7981 0.00 
10.1a 47.2237812 26.7692521 0.000000 0.000000 0.00000 1.7981 0.00 
B4b 47.2362613 26.7526256 0.000000 0.000000 0.00000 1.8543 0.00 
B4b 47.2336295 26.7597606 0.000000 0.000000 0.00000 1.8543 0.00 
B4b 47.2263630 26.7723040 0.000000 0.000000 0.00000 1.8543 0.00 
B4a 47.2359320 26.7525390 0.000000 0.000000 0.00000 1.8543 0.00 
B4a 47.2335968 26.7597521 0.000000 0.000000 0.00000 1.8543 0.00 
B4a 47.2266129 26.7724022 0.000000 0.000000 0.00000 1.8543 0.00 
B3b 47.2361385 26.7524880 0.000000 0.000000 0.00000 1.8543 0.00 
B3b 47.2335990 26.7597916 0.000000 0.000000 0.00000 1.8543 0.00 
B3b 47.2264880 26.7722710 0.000000 0.000000 0.00000 1.8543 0.00 
B3a 47.2359020 26.7524020 0.000000 0.000000 0.00000 1.8543 0.00 
B3a 47.2335736 26.7597906 0.000000 0.000000 0.00000 1.8543 0.00 
B3a 47.2266721 26.7723305 0.000000 0.000000 0.00000 1.8543 0.00 
B2b 47.2359087 26.7526718 0.000000 0.000000 0.00000 1.8543 0.00 
B2b 47.2336174 26.7597069 0.000000 0.000000 0.00000 1.8543 0.00 
B2b 47.2265920 26.7724980 0.000000 0.000000 0.00000 1.8543 0.00 
B2a 47.2355900 26.7525550 0.000000 0.000000 0.00000 1.8543 0.00 
B2a 47.2335853 26.7597119 0.000000 0.000000 0.00000 1.8543 0.00 
B2a 47.2268000 26.7725487 0.000000 0.000000 0.00000 1.8543 0.00 
B1b 47.2365950 26.7527153 0.000000 0.000000 0.00000 1.8545 0.00 
B1b 47.2336640 26.7597637 0.000000 0.000000 0.00000 1.8545 0.00 
B1b 47.2261220 26.7722170 0.000000 0.000000 0.00000 1.8545 0.00 
B1a 47.2361180 26.7526270 0.000000 0.000000 0.00000 1.8545 0.00 
B1a 47.2336211 26.7597446 0.000000 0.000000 0.00000 1.8545 0.00 
B1a 47.2264650 26.7723735 0.000000 0.000000 0.00000 1.8545 0.00 
I2c 47.2408900 26.7649380 0.000000 0.000000 0.00000 1.8754 0.00 
I2c 47.2359911 26.7492135 0.000000 0.000000 0.00000 1.8754 0.00 
I2c 47.2333931 26.7606921 0.000000 0.000000 0.00000 1.8754 0.00 
I2c 47.2240770 26.7676671 0.000000 0.000000 0.00000 1.8754 0.00 
I2c 47.2233364 26.7571158 0.000000 0.000000 0.00000 1.8754 0.00 
I2b 47.2406927 26.7648233 0.000000 0.000000 0.00000 1.8754 0.00 
I2b 47.2350233 26.7491154 0.000000 0.000000 0.00000 1.8754 0.00 
I2b 47.2334560 26.7607214 0.000000 0.000000 0.00000 1.8754 0.00 
I2b 47.2230380 26.7572890 0.000000 0.000000 0.00000 1.8754 0.00 
I2b 47.2229925 26.7662618 0.000000 0.000000 0.00000 1.8754 0.00 
I2a 47.2408276 26.7649793 0.000000 0.000000 0.00000 1.8754 0.00 
I2a 47.2359150 26.7491820 0.000000 0.000000 0.00000 1.8754 0.00 
I2a 47.2333974 26.7607010 0.000000 0.000000 0.00000 1.8754 0.00 
I2a 47.2239380 26.7674297 0.000000 0.000000 0.00000 1.8754 0.00 
I2a 47.2232271 26.7572980 0.000000 0.000000 0.00000 1.8754 0.00 
I1c 47.2409210 26.7646510 0.000000 0.000000 0.00000 1.8759 0.00 
I1c 47.2352122 26.7492190 0.000000 0.000000 0.00000 1.8759 0.00 
I1c 47.2334438 26.7606873 0.000000 0.000000 0.00000 1.8759 0.00 
I1c 47.2234531 26.7565930 0.000000 0.000000 0.00000 1.8759 0.00 
I1c 47.2232839 26.7668280 0.000000 0.000000 0.00000 1.8759 0.00 
I1b 47.2407281 26.7645527 0.000000 0.000000 0.00000 1.8759 0.00 
I1b 47.2342353 26.7491876 0.000000 0.000000 0.00000 1.8759 0.00 
I1b 47.2335039 26.7607150 0.000000 0.000000 0.00000 1.8759 0.00 
I1b 47.2232190 26.7566510 0.000000 0.000000 0.00000 1.8759 0.00 
I1b 47.2227697 26.7661242 0.000000 0.000000 0.00000 1.8759 0.00 
I1a 47.2408580 26.7646898 0.000000 0.000000 0.00000 1.8759 0.00 
I1a 47.2351260 26.7491910 0.000000 0.000000 0.00000 1.8759 0.00 
I1a 47.2334492 26.7606967 0.000000 0.000000 0.00000 1.8759 0.00 
I1a 47.2233548 26.7567323 0.000000 0.000000 0.00000 1.8759 0.00 
I1a 47.2231895 26.7666648 0.000000 0.000000 0.00000 1.8759 0.00 
3.2 47.2373725 26.7727724 0.000000 0.000000 0.00000 2.0359 0.00 
3.2 47.2324425 26.7597128 0.000000 0.000000 0.00000 2.0359 0.00 
3.2 47.2284210 26.7564340 0.000000 0.000000 0.00000 2.0359 0.00 
3.1 47.2380430 26.7724320 0.000000 0.000000 0.00000 2.0359 0.00 
3.1 47.2324030 26.7597718 0.000000 0.000000 0.00000 2.0359 0.00 
3.1 47.2282484 26.7566275 0.000000 0.000000 0.00000 2.0359 0.00 
K2b 47.2368520 26.7440290 0.000000 0.000000 0.00000 3.2900 0.00 
K2b 47.2345893 26.7660623 0.000000 0.000000 0.00000 3.2900 0.00 
K2b 47.2335030 26.7626056 0.000000 0.000000 0.00000 3.2900 0.00 
K2a 47.2368196 26.7440741 0.000000 0.000000 0.00000 3.2900 0.00 
K2a 47.2346620 26.7661370 0.000000 0.000000 0.00000 3.2900 0.00 
K2a 47.2335012 26.7625396 0.000000 0.000000 0.00000 3.2900 0.00 
K1b 47.2370840 26.7441610 0.000000 0.000000 0.00000 3.2900 0.00 
K1b 47.2346612 26.7663813 0.000000 0.000000 0.00000 3.2900 0.00 
K1b 47.2334446 26.7624151 0.000000 0.000000 0.00000 3.2900 0.00 
K1a 47.2370805 26.7442188 0.000000 0.000000 0.00000 3.2900 0.00 
K1a 47.2347420 26.7664770 0.000000 0.000000 0.00000 3.2900 0.00 
K1a 47.2334389 26.7623437 0.000000 0.000000 0.00000 3.2900 0.00 
8.3 47.2414410 26.7656320 0.000000 0.000000 0.00000 3.3800 0.00 
8.3 47.2361918 26.7473581 0.000000 0.000000 0.00000 3.3800 0.00 
8.3 47.2334560 26.7607827 0.000000 0.000000 0.00000 3.3800 0.00 
8.3 47.2215191 26.7667664 0.000000 0.000000 0.00000 3.3800 0.00 
8.3 47.2211960 26.7581402 0.000000 0.000000 0.00000 3.3800 0.00 
8.2 47.2412142 26.7658057 0.000000 0.000000 0.00000 3.3800 0.00 
8.2 47.2360487 26.7472449 0.000000 0.000000 0.00000 3.3800 0.00 
8.2 47.2334640 26.7608150 0.000000 0.000000 0.00000 3.3800 0.00 
8.2 47.2212067 26.7659785 0.000000 0.000000 0.00000 3.3800 0.00 
8.2 47.2208280 26.7592080 0.000000 0.000000 0.00000 3.3800 0.00 
8.1 47.2409575 26.7659794 0.000000 0.000000 0.00000 3.3800 0.00 
8.1 47.2358940 26.7471210 0.000000 0.000000 0.00000 3.3800 0.00 
8.1 47.2334735 26.7608510 0.000000 0.000000 0.00000 3.3800 0.00 
8.1 47.2208651 26.7649302 0.000000 0.000000 0.00000 3.3800 0.00 
8.1 47.2204422 26.7633425 0.000000 0.000000 0.00000 3.3800 0.00 
7.2d 47.2414335 26.7658193 0.000000 0.000000 0.00000 3.3900 0.00 
7.2d 47.2366412 26.7473701 0.000000 0.000000 0.00000 3.3900 0.00 
7.2d 47.2334247 26.7607853 0.000000 0.000000 0.00000 3.3900 0.00 
7.2d 47.2216970 26.7669310 0.000000 0.000000 0.00000 3.3900 0.00 
7.2d 47.2211787 26.7584556 0.000000 0.000000 0.00000 3.3900 0.00 
7.2c 47.2418370 26.7649040 0.000000 0.000000 0.00000 3.3900 0.00 
7.2c 47.2350828 26.7475829 0.000000 0.000000 0.00000 3.3900 0.00 
7.2c 47.2335281 26.7607091 0.000000 0.000000 0.00000 3.3900 0.00 
7.2c 47.2222217 26.7556415 0.000000 0.000000 0.00000 3.3900 0.00 
7.2c 47.2216527 26.7677270 0.000000 0.000000 0.00000 3.3900 0.00 
7.2b 47.2414754 26.7652909 0.000000 0.000000 0.00000 3.3900 0.00 
7.2b 47.2353250 26.7473750 0.000000 0.000000 0.00000 3.3900 0.00 
7.2b 47.2335160 26.7607709 0.000000 0.000000 0.00000 3.3900 0.00 
7.2b 47.2213605 26.7572496 0.000000 0.000000 0.00000 3.3900 0.00 
7.2b 47.2212482 26.7666481 0.000000 0.000000 0.00000 3.3900 0.00 
7.2a 47.2414702 26.7652177 0.000000 0.000000 0.00000 3.3900 0.00 
7.2a 47.2349610 26.7473847 0.000000 0.000000 0.00000 3.3900 0.00 
7.2a 47.2335319 26.7607699 0.000000 0.000000 0.00000 3.3900 0.00 
7.2a 47.2213949 26.7570600 0.000000 0.000000 0.00000 3.3900 0.00 
7.2a 47.2211658 26.7665783 0.000000 0.000000 0.00000 3.3900 0.00 
6.3 47.2374950 26.7632930 0.000000 0.000000 0.00000 3.7310 0.00 
6.3 47.2348717 26.7616370 0.000000 0.000000 0.00000 3.7310 0.00 
6.3 47.2244352 26.7485668 0.000000 0.000000 0.00000 3.7310 0.00 
6.2 47.2370457 26.7631101 0.000000 0.000000 0.00000 3.7310 0.00 
6.2 47.2350960 26.7618390 0.000000 0.000000 0.00000 3.7310 0.00 
6.2 47.2244697 26.7483158 0.000000 0.000000 0.00000 3.7310 0.00 
6.1 47.2374804 26.7632584 0.000000 0.000000 0.00000 3.7310 0.00 
6.1 47.2348928 26.7616389 0.000000 0.000000 0.00000 3.7310 0.00 
6.1 47.2243000 26.7486600 0.000000 0.000000 0.00000 3.7310 0.00 
12.2 47.2384270 26.7449510 0.000000 0.000000 0.00000 5.5600 0.00 
12.2 47.2376577 26.7684374 0.000000 0.000000 0.00000 5.5600 0.00 
12.2 47.2332783 26.7613337 0.000000 0.000000 0.00000 5.5600 0.00 
12.1 47.2387337 26.7450964 0.000000 0.000000 0.00000 5.5600 0.00 
12.1 47.2377250 26.7686250 0.000000 0.000000 0.00000 5.5600 0.00 
12.1 47.2332447 26.7612949 0.000000 0.000000 0.00000 5.5600 0.00 
4.3 47.2387077 26.7634832 0.000000 0.000000 0.00000 6.2000 0.00 
4.3 47.2346536 26.7612946 0.000000 0.000000 0.00000 6.2000 0.00 
4.3 47.2226350 26.7496710 0.000000 0.000000 0.00000 6.2000 0.00 
4.1 47.2383790 26.7633930 0.000000 0.000000 0.00000 6.2000 0.00 
4.1 47.2347618 26.7613911 0.000000 0.000000 0.00000 6.2000 0.00 
4.1 47.2227403 26.7493665 0.000000 0.000000 0.00000 6.2000 0.00 
13.2 47.2434303 26.7641779 0.000000 0.000000 0.00000 6.7919 0.00 
13.2 47.2362790 26.7471180 0.000000 0.000000 0.00000 6.7919 0.00 
13.2 47.2335130 26.7605746 0.000000 0.000000 0.00000 6.7919 0.00 
13.2 47.2225800 26.7541282 0.000000 0.000000 0.00000 6.7919 0.00 
13.2 47.2221089 26.7703986 0.000000 0.000000 0.00000 6.7919 0.00 
13.1 47.2434889 26.7641331 0.000000 0.000000 0.00000 6.7919 0.00 
13.1 47.2364261 26.7471566 0.000000 0.000000 0.00000 6.7919 0.00 
13.1 47.2335067 26.7605665 0.000000 0.000000 0.00000 6.7919 0.00 
13.1 47.2226530 26.7540810 0.000000 0.000000 0.00000 6.7919 0.00 
13.1 47.2222136 26.7705120 0.000000 0.000000 0.00000 6.7919 0.00 
