#REFERENCE 0 47.2332780 26.7604953
1.3 47.2383489 26.7606119 0.000000 0.000000 0.00000 1.2700 0.00 
1.3 47.2346442 26.7604196 0.000000 0.000000 0.00000 1.2700 0.00 
1.3 47.2222900 26.7659840 0.000000 0.000000 0.00000 1.2700 0.00 
1.2 47.2383481 26.7603645 0.000000 0.000000 0.00000 1.2700 0.00 
1.2 47.2346480 26.7603380 0.000000 0.000000 0.00000 1.2700 0.00 
1.2 47.2224324 26.7664271 0.000000 0.000000 0.00000 1.2700 0.00 
1.1 47.2382710 26.7602990 0.000000 0.000000 0.00000 1.2700 0.00 
1.1 47.2346840 26.7603068 0.000000 0.000000 0.00000 1.2700 0.00 
1.1 47.2224318 26.7665518 0.000000 0.000000 0.00000 1.2700 0.00 
B2b 47.2364147 26.7526363 0.000000 0.000000 0.00000 1.8525 0.00 
B2b 47.2337064 26.7598368 0.000000 0.000000 0.00000 1.8525 0.00 
B2b 47.2265920 26.7724980 0.000000 0.000000 0.00000 1.8525 0.00 
B2a 47.2355900 26.7525550 0.000000 0.000000 0.00000 1.8525 0.00 
B2a 47.2336493 26.7597671 0.000000 0.000000 0.00000 1.8525 0.00 
B2a 47.2271940 26.7728609 0.000000 0.000000 0.00000 1.8525 0.00 
B1b 47.2379501 26.7529274 0.000000 0.000000 0.00000 1.8530 0.00 
B1b 47.2337559 26.7598800 0.000000 0.000000 0.00000 1.8530 0.00 
B1b 47.2261220 26.7722170 0.000000 0.000000 0.00000 1.8530 0.00 
B1a 47.2361180 26.7526270 0.000000 0.000000 0.00000 1.8530 0.00 
B1a 47.2336823 26.7598073 0.000000 0.000000 0.00000 1.8530 0.00 
B1a 47.2268474 26.7726561 0.000000 0.000000 0.00000 1.8530 0.00 
K2c 47.2408900 26.7649380 0.000000 0.000000 0.00000 1.8774 0.00 
K2c 47.2355225 26.7492294 0.000000 0.000000 0.00000 1.8774 0.00 
K2c 47.2334820 26.7607578 0.000000 0.000000 0.00000 1.8774 0.00 
K2c 47.2233007 26.7567933 0.000000 0.000000 0.00000 1.8774 0.00 
K2c 47.2233549 26.7667803 0.000000 0.000000 0.00000 1.8774 0.00 
K2b 47.2407527 26.7650412 0.000000 0.000000 0.00000 1.8774 0.00 
K2b 47.2354742 26.7491588 0.000000 0.000000 0.00000 1.8774 0.00 
K2b 47.2334841 26.7607802 0.000000 0.000000 0.00000 1.8774 0.00 
K2b 47.2230380 26.7572890 0.000000 0.000000 0.00000 1.8774 0.00 
K2b 47.2232112 26.7664711 0.000000 0.000000 0.00000 1.8774 0.00 
K2a 47.2407778 26.7651845 0.000000 0.000000 0.00000 1.8774 0.00 
K2a 47.2359150 26.7491820 0.000000 0.000000 0.00000 1.8774 0.00 
K2a 47.2334504 26.7607793 0.000000 0.000000 0.00000 1.8774 0.00 
K2a 47.2234081 26.7666394 0.000000 0.000000 0.00000 1.8774 0.00 
K2a 47.2230272 26.7575379 0.000000 0.000000 0.00000 1.8774 0.00 
10.3 47.2414410 26.7656320 0.000000 0.000000 0.00000 3.3800 0.00 
10.3 47.2348183 26.7473184 0.000000 0.000000 0.00000 3.3800 0.00 
10.3 47.2335738 26.7608725 0.000000 0.000000 0.00000 3.3800 0.00 
10.3 47.2209303 26.7654781 0.000000 0.000000 0.00000 3.3800 0.00 
10.3 47.2207500 26.7585045 0.000000 0.000000 0.00000 3.3800 0.00 
10.2 47.2415158 26.7660594 0.000000 0.000000 0.00000 3.3800 0.00 
10.2 47.2361218 26.7473740 0.000000 0.000000 0.00000 3.3800 0.00 
10.2 47.2334861 26.7608736 0.000000 0.000000 0.00000 3.3800 0.00 
10.2 47.2214120 26.7660287 0.000000 0.000000 0.00000 3.3800 0.00 
10.2 47.2208280 26.7592080 0.000000 0.000000 0.00000 3.3800 0.00 
7.2d 47.2418293 26.7656871 0.000000 0.000000 0.00000 3.3900 0.00 
7.2d 47.2359102 26.7474927 0.000000 0.000000 0.00000 3.3900 0.00 
7.2d 47.2335069 26.7608306 0.000000 0.000000 0.00000 3.3900 0.00 
7.2d 47.2216970 26.7669310 0.000000 0.000000 0.00000 3.3900 0.00 
7.2d 47.2212190 26.7577365 0.000000 0.000000 0.00000 3.3900 0.00 
7.2c 47.2418370 26.7649040 0.000000 0.000000 0.00000 3.3900 0.00 
7.2c 47.2336169 26.7475629 0.000000 0.000000 0.00000 3.3900 0.00 
7.2c 47.2336617 26.7607768 0.000000 0.000000 0.00000 3.3900 0.00 
7.2c 47.2221157 26.7550364 0.000000 0.000000 0.00000 3.3900 0.00 
7.2c 47.2212170 26.7670522 0.000000 0.000000 0.00000 3.3900 0.00 
7.2b 47.2415650 26.7656594 0.000000 0.000000 0.00000 3.3900 0.00 
7.2b 47.2353250 26.7473750 0.000000 0.000000 0.00000 3.3900 0.00 
7.2b 47.2335499 26.7608583 0.000000 0.000000 0.00000 3.3900 0.00 
7.2b 47.2211762 26.7659913 0.000000 0.000000 0.00000 3.3900 0.00 
7.2b 47.2209087 26.7582179 0.000000 0.000000 0.00000 3.3900 0.00 
7.2a 47.2417971 26.7654591 0.000000 0.000000 0.00000 3.3900 0.00 
7.2a 47.2354802 26.7475208 0.000000 0.000000 0.00000 3.3900 0.00 
7.2a 47.2335401 26.7608148 0.000000 0.000000 0.00000 3.3900 0.00 
7.2a 47.2216281 26.7670411 0.000000 0.000000 0.00000 3.3900 0.00 
7.2a 47.2213949 26.7570600 0.000000 0.000000 0.00000 3.3900 0.00 
6.3 47.2374950 26.7632930 0.000000 0.000000 0.00000 4.9444 0.00 
6.3 47.2350035 26.7617299 0.000000 0.000000 0.00000 4.9444 0.00 
6.3 47.2243822 26.7477439 0.000000 0.000000 0.00000 4.9444 0.00 
6.2 47.2372668 26.7632372 0.000000 0.000000 0.00000 4.9444 0.00 
6.2 47.2350960 26.7618390 0.000000 0.000000 0.00000 4.9444 0.00 
6.2 47.2246015 26.7474908 0.000000 0.000000 0.00000 4.9444 0.00 
4.3 47.2392937 26.7636894 0.000000 0.000000 0.00000 6.2000 0.00 
4.3 47.2345230 26.7611617 0.000000 0.000000 0.00000 6.2000 0.00 
4.3 47.2226350 26.7496710 0.000000 0.000000 0.00000 6.2000 0.00 
4.1 47.2383790 26.7633930 0.000000 0.000000 0.00000 6.2000 0.00 
4.1 47.2348049 26.7614119 0.000000 0.000000 0.00000 6.2000 0.00 
4.1 47.2226957 26.7490491 0.000000 0.000000 0.00000 6.2000 0.00 
