#REFERENCE 3 47.2332780 26.7604953
1.3 4.160 2.207 0.000 0.000 0.00 1.270 1.87 -16.300 0.420 1.87 0.00
1.3 4.160 2.207 0.000 0.000 0.00 1.270 1.87 -4.392 -0.273 1.87 0.00
1.3 4.160 2.207 0.000 0.000 0.00 1.270 1.87 35.320 19.759 1.87 0.00
1.2 4.153 2.621 0.000 0.000 0.00 1.270 -0.24 -16.297 -0.471 -0.24 0.00
1.2 4.153 2.621 0.000 0.000 0.00 1.270 -0.24 -4.404 -0.566 -0.24 0.00
1.2 4.153 2.621 0.000 0.000 0.00 1.270 -0.24 34.862 21.354 -0.24 0.00
1.1 4.245 2.769 0.000 0.000 0.00 1.270 1.47 -16.050 -0.707 1.47 0.00
1.1 4.245 2.769 0.000 0.000 0.00 1.270 1.47 -4.520 -0.679 1.47 0.00
1.1 4.245 2.769 0.000 0.000 0.00 1.270 1.47 34.864 21.804 1.47 0.00
B2b -0.125 6.804 0.000 0.000 0.00 1.853 1.68 -10.083 -28.292 1.68 0.00
B2b -0.125 6.804 0.000 0.000 0.00 1.853 1.68 -1.377 -2.371 1.68 0.00
B2b -0.125 6.804 0.000 0.000 0.00 1.853 1.68 21.492 43.210 1.68 0.00
B2a -0.566 7.278 0.000 0.000 0.00 1.853 2.72 -7.432 -28.585 2.72 0.00
B2a -0.566 7.278 0.000 0.000 0.00 1.853 2.72 -1.193 -2.621 2.72 0.00
B2a -0.566 7.278 0.000 0.000 0.00 1.853 2.72 19.556 44.516 2.72 0.00
B1b 0.239 6.492 0.000 0.000 0.00 1.853 1.69 -15.018 -27.245 1.69 0.00
B1b 0.239 6.492 0.000 0.000 0.00 1.853 1.69 -1.536 -2.215 1.69 0.00
B1b 0.239 6.492 0.000 0.000 0.00 1.853 1.69 23.002 42.198 1.69 0.00
B1a -0.312 7.007 0.000 0.000 0.00 1.853 1.98 -9.129 -28.326 1.98 0.00
B1a -0.312 7.007 0.000 0.000 0.00 1.853 1.98 -1.299 -2.477 1.98 0.00
B1a -0.312 7.007 0.000 0.000 0.00 1.853 1.98 20.671 43.779 1.98 0.00
K2c -1.117 0.016 0.000 0.000 0.00 1.877 1.95 -24.468 15.994 1.95 0.00
K2c -1.117 0.016 0.000 0.000 0.00 1.877 1.95 -7.215 -40.557 1.95 0.00
K2c -1.117 0.016 0.000 0.000 0.00 1.877 1.95 -0.656 0.945 1.95 0.00
K2c -1.117 0.016 0.000 0.000 0.00 1.877 1.95 32.071 -13.327 1.95 0.00
K2c -1.117 0.016 0.000 0.000 0.00 1.877 1.95 31.897 22.626 1.95 0.00
K2b -1.098 -0.171 0.000 0.000 0.00 1.877 3.04 -24.027 16.365 3.04 0.00
K2b -1.098 -0.171 0.000 0.000 0.00 1.877 3.04 -7.059 -40.812 3.04 0.00
K2b -1.098 -0.171 0.000 0.000 0.00 1.877 3.04 -0.662 1.026 3.04 0.00
K2b -1.098 -0.171 0.000 0.000 0.00 1.877 3.04 32.916 -11.543 3.04 0.00
K2b -1.098 -0.171 0.000 0.000 0.00 1.877 3.04 32.359 21.513 3.04 0.00
K2a -1.326 -0.157 0.000 0.000 0.00 1.877 2.29 -24.108 16.881 2.29 0.00
K2a -1.326 -0.157 0.000 0.000 0.00 1.877 2.29 -8.476 -40.728 2.29 0.00
K2a -1.326 -0.157 0.000 0.000 0.00 1.877 2.29 -0.554 1.022 2.29 0.00
K2a -1.326 -0.157 0.000 0.000 0.00 1.877 2.29 31.726 22.119 2.29 0.00
K2a -1.326 -0.157 0.000 0.000 0.00 1.877 2.29 32.951 -10.647 2.29 0.00
10.3 -0.457 -1.153 0.000 0.000 0.00 3.380 1.84 -26.239 18.492 1.84 0.00
10.3 -0.457 -1.153 0.000 0.000 0.00 3.380 1.84 -4.951 -47.437 1.84 0.00
10.3 -0.457 -1.153 0.000 0.000 0.00 3.380 1.84 -0.951 1.358 1.84 0.00
10.3 -0.457 -1.153 0.000 0.000 0.00 3.380 1.84 39.691 17.938 1.84 0.00
10.3 -0.457 -1.153 0.000 0.000 0.00 3.380 1.84 40.270 -7.167 1.84 0.00
10.2 -1.117 -1.166 0.000 0.000 0.00 3.380 3.24 -26.480 20.031 3.24 0.00
10.2 -1.117 -1.166 0.000 0.000 0.00 3.380 3.24 -9.141 -47.237 3.24 0.00
10.2 -1.117 -1.166 0.000 0.000 0.00 3.380 3.24 -0.669 1.362 3.24 0.00
10.2 -1.117 -1.166 0.000 0.000 0.00 3.380 3.24 38.142 19.920 3.24 0.00
10.2 -1.117 -1.166 0.000 0.000 0.00 3.380 3.24 40.020 -4.634 3.24 0.00
7.2d -0.959 -0.766 0.000 0.000 0.00 3.390 2.78 -27.488 18.690 2.78 0.00
7.2d -0.959 -0.766 0.000 0.000 0.00 3.390 2.78 -8.461 -46.809 2.78 0.00
7.2d -0.959 -0.766 0.000 0.000 0.00 3.390 2.78 -0.736 1.207 2.78 0.00
7.2d -0.959 -0.766 0.000 0.000 0.00 3.390 2.78 37.226 23.168 2.78 0.00
7.2d -0.959 -0.766 0.000 0.000 0.00 3.390 2.78 38.763 -9.932 2.78 0.00
7.2c 0.194 -0.268 0.000 0.000 0.00 3.390 1.75 -27.512 15.871 1.75 0.00
7.2c 0.194 -0.268 0.000 0.000 0.00 3.390 1.75 -1.089 -46.557 1.75 0.00
7.2c 0.194 -0.268 0.000 0.000 0.00 3.390 1.75 -1.233 1.013 1.75 0.00
7.2c 0.194 -0.268 0.000 0.000 0.00 3.390 1.75 35.880 -19.652 1.75 0.00
7.2c 0.194 -0.268 0.000 0.000 0.00 3.390 1.75 38.769 23.605 1.75 0.00
7.2b -0.634 -1.025 0.000 0.000 0.00 3.390 2.15 -26.638 18.591 2.15 0.00
7.2b -0.634 -1.025 0.000 0.000 0.00 3.390 2.15 -6.580 -47.233 2.15 0.00
7.2b -0.634 -1.025 0.000 0.000 0.00 3.390 2.15 -0.874 1.307 2.15 0.00
7.2b -0.634 -1.025 0.000 0.000 0.00 3.390 2.15 38.900 19.786 2.15 0.00
7.2b -0.634 -1.025 0.000 0.000 0.00 3.390 2.15 39.760 -8.199 2.15 0.00
7.2a -0.708 -0.621 0.000 0.000 0.00 3.390 2.90 -27.384 17.870 2.90 0.00
7.2a -0.708 -0.621 0.000 0.000 0.00 3.390 2.90 -7.079 -46.708 2.90 0.00
7.2a -0.708 -0.621 0.000 0.000 0.00 3.390 2.90 -0.843 1.150 2.90 0.00
7.2a -0.708 -0.621 0.000 0.000 0.00 3.390 2.90 37.448 23.565 2.90 0.00
7.2a -0.708 -0.621 0.000 0.000 0.00 3.390 2.90 38.197 -12.367 2.90 0.00
6.3 6.270 -5.640 0.000 0.000 0.00 4.944 1.36 -13.555 10.072 1.36 0.00
6.3 6.270 -5.640 0.000 0.000 0.00 4.944 1.36 -5.547 4.445 1.36 0.00
6.3 6.270 -5.640 0.000 0.000 0.00 4.944 1.36 28.595 -45.905 1.36 0.00
6.2 6.310 -5.956 0.000 0.000 0.00 4.944 0.30 -12.822 9.871 0.30 0.00
6.2 6.310 -5.956 0.000 0.000 0.00 4.944 0.30 -5.844 4.837 0.30 0.00
6.2 6.310 -5.956 0.000 0.000 0.00 4.944 0.30 27.890 -46.816 0.30 0.00
4.3 5.663 -3.467 0.000 0.000 0.00 6.200 3.11 -19.337 11.499 3.11 0.00
4.3 5.663 -3.467 0.000 0.000 0.00 6.200 3.11 -4.002 2.399 3.11 0.00
4.3 5.663 -3.467 0.000 0.000 0.00 6.200 3.11 34.211 -38.967 3.11 0.00
4.1 6.461 -4.476 0.000 0.000 0.00 6.200 1.31 -16.397 10.432 1.31 0.00
4.1 6.461 -4.476 0.000 0.000 0.00 6.200 1.31 -4.908 3.300 1.31 0.00
4.1 6.461 -4.476 0.000 0.000 0.00 6.200 1.31 34.016 -41.206 1.31 0.00
