#REFERENCE 3 47.2332780 26.7604950
1.3 7.104 1.876 0.000 0.000 0.00 1.270 1.48 -16.541 1.717 1.48 0.00
1.3 7.104 1.876 0.000 0.000 0.00 1.270 1.48 -1.697 0.016 1.48 0.00
1.3 7.104 1.876 0.000 0.000 0.00 1.270 1.48 35.320 19.760 1.48 0.00
1.2 9.990 3.869 0.000 0.000 0.00 1.270 -0.10 38.902 22.696 -0.10 0.00
1.1 7.123 3.234 0.000 0.000 0.00 1.270 1.14 -16.050 -0.706 1.14 0.00
1.1 7.123 3.234 0.000 0.000 0.00 1.270 1.14 -1.596 -0.471 1.14 0.00
1.1 7.123 3.234 0.000 0.000 0.00 1.270 1.14 34.555 23.081 1.14 0.00
3.2 -2.778 7.399 0.000 0.000 0.00 1.566 1.15 -9.632 45.449 1.15 0.00
3.2 -2.778 7.399 0.000 0.000 0.00 1.566 1.15 3.283 -2.442 1.15 0.00
3.2 -2.778 7.399 0.000 0.000 0.00 1.566 1.15 15.612 -14.620 1.15 0.00
3.1 -4.479 5.997 0.000 0.000 0.00 1.566 1.46 -15.317 42.973 1.46 0.00
3.1 -4.479 5.997 0.000 0.000 0.00 1.566 1.46 3.786 -1.938 1.46 0.00
3.1 -4.479 5.997 0.000 0.000 0.00 1.566 1.46 14.206 -11.157 1.46 0.00
K2c 1.249 -0.354 0.000 0.000 0.00 1.791 1.65 -23.190 -30.916 1.65 0.00
K2c 1.249 -0.354 0.000 0.000 0.00 1.791 1.65 -24.468 15.995 1.65 0.00
K2c 1.249 -0.354 0.000 0.000 0.00 1.791 1.65 -16.221 -36.719 1.65 0.00
K2c 1.249 -0.354 0.000 0.000 0.00 1.791 1.65 -5.982 -39.654 1.65 0.00
K2c 1.249 -0.354 0.000 0.000 0.00 1.791 1.65 1.051 -38.340 1.65 0.00
K2c 1.249 -0.354 0.000 0.000 0.00 1.791 1.65 1.035 0.430 1.65 0.00
K2c 1.249 -0.354 0.000 0.000 0.00 1.791 1.65 9.529 -38.787 1.65 0.00
K2c 1.249 -0.354 0.000 0.000 0.00 1.791 1.65 24.717 26.048 1.65 0.00
K2b 0.390 -0.888 0.000 0.000 0.00 1.791 2.24 -24.410 -32.019 2.24 0.00
K2b 0.390 -0.888 0.000 0.000 0.00 1.791 2.24 -24.668 18.522 2.24 0.00
K2b 0.390 -0.888 0.000 0.000 0.00 1.791 2.24 -17.336 -39.895 2.24 0.00
K2b 0.390 -0.888 0.000 0.000 0.00 1.791 2.24 -11.334 -40.617 2.24 0.00
K2b 0.390 -0.888 0.000 0.000 0.00 1.791 2.24 1.218 0.501 2.24 0.00
K2b 0.390 -0.888 0.000 0.000 0.00 1.791 2.24 23.115 25.544 2.24 0.00
K2b 0.390 -0.888 0.000 0.000 0.00 1.791 2.24 32.916 -11.542 2.24 0.00
K2a 0.846 -0.892 0.000 0.000 0.00 1.791 2.45 -23.459 -32.547 2.45 0.00
K2a 0.846 -0.892 0.000 0.000 0.00 1.791 2.45 -24.097 17.871 2.45 0.00
K2a 0.846 -0.892 0.000 0.000 0.00 1.791 2.45 -16.599 -37.472 2.45 0.00
K2a 0.846 -0.892 0.000 0.000 0.00 1.791 2.45 -8.476 -40.727 2.45 0.00
K2a 0.846 -0.892 0.000 0.000 0.00 1.791 2.45 2.729 -39.115 2.45 0.00
K2a 0.846 -0.892 0.000 0.000 0.00 1.791 2.45 1.085 0.566 2.45 0.00
K2a 0.846 -0.892 0.000 0.000 0.00 1.791 2.45 6.915 -39.696 2.45 0.00
K2a 0.846 -0.892 0.000 0.000 0.00 1.791 2.45 24.377 24.908 2.45 0.00
K1c 1.548 -0.106 0.000 0.000 0.00 1.791 1.67 -22.788 -30.243 1.67 0.00
K1c 1.548 -0.106 0.000 0.000 0.00 1.791 1.67 -24.568 14.962 1.67 0.00
K1c 1.548 -0.106 0.000 0.000 0.00 1.791 1.67 -16.148 -36.202 1.67 0.00
K1c 1.548 -0.106 0.000 0.000 0.00 1.791 1.67 -3.473 -38.803 1.67 0.00
K1c 1.548 -0.106 0.000 0.000 0.00 1.791 1.67 -0.877 -38.239 1.67 0.00
K1c 1.548 -0.106 0.000 0.000 0.00 1.791 1.67 0.977 0.375 1.67 0.00
K1c 1.548 -0.106 0.000 0.000 0.00 1.791 1.67 11.086 -38.287 1.67 0.00
K1b 0.771 -0.402 0.000 0.000 0.00 1.791 1.63 -24.092 -30.701 1.63 0.00
K1b 0.771 -0.402 0.000 0.000 0.00 1.791 1.63 -24.883 16.803 1.63 0.00
K1b 0.771 -0.402 0.000 0.000 0.00 1.791 1.63 -15.866 -37.410 1.63 0.00
K1b 0.771 -0.402 0.000 0.000 0.00 1.791 1.63 -8.915 -39.896 1.63 0.00
K1b 0.771 -0.402 0.000 0.000 0.00 1.791 1.63 3.763 -38.619 1.63 0.00
K1b 0.771 -0.402 0.000 0.000 0.00 1.791 1.63 1.166 0.394 1.63 0.00
K1b 0.771 -0.402 0.000 0.000 0.00 1.791 1.63 6.113 -38.902 1.63 0.00
K1b 0.771 -0.402 0.000 0.000 0.00 1.791 1.63 23.548 26.476 1.63 0.00
K1a 1.317 -0.944 0.000 0.000 0.00 1.791 2.43 -22.261 -33.477 2.43 0.00
K1a 1.317 -0.944 0.000 0.000 0.00 1.791 2.43 -23.480 17.252 2.43 0.00
K1a 1.317 -0.944 0.000 0.000 0.00 1.791 2.43 -17.059 -36.929 2.43 0.00
K1a 1.317 -0.944 0.000 0.000 0.00 1.791 2.43 -5.940 -40.694 2.43 0.00
K1a 1.317 -0.944 0.000 0.000 0.00 1.791 2.43 0.895 -39.074 2.43 0.00
K1a 1.317 -0.944 0.000 0.000 0.00 1.791 2.43 0.979 0.619 2.43 0.00
K1a 1.317 -0.944 0.000 0.000 0.00 1.791 2.43 9.727 -39.676 2.43 0.00
K1a 1.317 -0.944 0.000 0.000 0.00 1.791 2.43 25.796 23.931 2.43 0.00
6.3 7.349 -5.089 0.000 0.000 0.00 2.208 0.60 -13.555 10.073 0.60 0.00
6.3 7.349 -5.089 0.000 0.000 0.00 2.208 0.60 -2.025 1.997 0.60 0.00
6.3 7.349 -5.089 0.000 0.000 0.00 2.208 0.60 24.451 -45.927 0.60 0.00
6.2 9.485 -7.408 0.000 0.000 0.00 2.208 2.47 27.625 -48.170 2.47 0.00
6.1 8.615 -4.230 0.000 0.000 0.00 2.208 1.65 -13.524 8.328 1.65 0.00
6.1 8.615 -4.230 0.000 0.000 0.00 2.208 1.65 -3.100 2.029 1.65 0.00
6.1 8.615 -4.230 0.000 0.000 0.00 2.208 1.65 28.859 -42.606 1.65 0.00
B4b 3.123 5.562 0.000 0.000 0.00 2.601 2.15 -27.518 -16.108 2.15 0.00
B4b 3.123 5.562 0.000 0.000 0.00 2.601 2.15 -30.175 -0.130 2.15 0.00
B4b 3.123 5.562 0.000 0.000 0.00 2.601 2.15 -8.156 -27.905 2.15 0.00
B4b 3.123 5.562 0.000 0.000 0.00 2.601 2.15 0.874 -1.159 2.15 0.00
B4b 3.123 5.562 0.000 0.000 0.00 2.601 2.15 22.228 42.512 2.15 0.00
B4a 2.766 5.045 0.000 0.000 0.00 2.601 0.67 -27.031 -19.996 0.67 0.00
B4a 2.766 5.045 0.000 0.000 0.00 2.601 0.67 -30.359 1.361 0.67 0.00
B4a 2.766 5.045 0.000 0.000 0.00 2.601 0.67 -8.531 -28.642 0.67 0.00
B4a 2.766 5.045 0.000 0.000 0.00 2.601 0.67 0.973 -1.026 0.67 0.00
B4a 2.766 5.045 0.000 0.000 0.00 2.601 0.67 21.592 42.083 0.67 0.00
B3b 2.946 5.344 0.000 0.000 0.00 2.601 2.20 -26.835 -19.231 2.20 0.00
B3b 2.946 5.344 0.000 0.000 0.00 2.601 2.20 -30.282 0.538 2.20 0.00
B3b 2.946 5.344 0.000 0.000 0.00 2.601 2.20 -8.285 -28.252 2.20 0.00
B3b 2.946 5.344 0.000 0.000 0.00 2.601 2.20 0.926 -1.104 2.20 0.00
B3b 2.946 5.344 0.000 0.000 0.00 2.601 2.20 21.826 42.394 2.20 0.00
B3a 2.403 4.976 0.000 0.000 0.00 2.601 0.67 -27.914 -19.847 0.67 0.00
B3a 2.403 4.976 0.000 0.000 0.00 2.601 0.67 -30.737 1.675 0.67 0.00
B3a 2.403 4.976 0.000 0.000 0.00 2.601 0.67 -8.435 -29.135 0.67 0.00
B3a 2.403 4.976 0.000 0.000 0.00 2.601 0.67 1.104 -1.032 0.67 0.00
B3a 2.403 4.976 0.000 0.000 0.00 2.601 0.67 19.537 42.893 0.67 0.00
B3a 2.403 4.976 0.000 0.000 0.00 2.601 0.67 23.245 -29.778 0.67 0.00
B3a 2.403 4.976 0.000 0.000 0.00 2.601 0.67 27.371 -25.343 0.67 0.00
B2b 3.099 5.828 0.000 0.000 0.00 2.601 2.11 -28.949 -13.854 2.11 0.00
B2b 3.099 5.828 0.000 0.000 0.00 2.601 2.11 -30.320 -0.924 2.11 0.00
B2b 3.099 5.828 0.000 0.000 0.00 2.601 2.11 -7.784 -27.794 2.11 0.00
B2b 3.099 5.828 0.000 0.000 0.00 2.601 2.11 0.900 -1.242 2.11 0.00
B2b 3.099 5.828 0.000 0.000 0.00 2.601 2.11 21.492 43.211 2.11 0.00
B2a 2.583 5.744 0.000 0.000 0.00 2.601 1.13 -29.959 -13.619 1.13 0.00
B2a 2.583 5.744 0.000 0.000 0.00 2.601 1.13 -30.885 -0.412 1.13 0.00
B2a 2.583 5.744 0.000 0.000 0.00 2.601 1.13 -7.432 -28.584 1.13 0.00
B2a 2.583 5.744 0.000 0.000 0.00 2.601 1.13 1.093 -1.252 1.13 0.00
B2a 2.583 5.744 0.000 0.000 0.00 2.601 1.13 18.658 44.234 1.13 0.00
B1b 3.295 5.603 0.000 0.000 0.00 2.601 2.14 -29.993 -0.321 2.14 0.00
B1b 3.295 5.603 0.000 0.000 0.00 2.601 2.14 -26.248 -18.575 2.14 0.00
B1b 3.295 5.603 0.000 0.000 0.00 2.601 2.14 -8.264 -27.663 2.14 0.00
B1b 3.295 5.603 0.000 0.000 0.00 2.601 2.14 0.811 -1.160 2.14 0.00
B1b 3.295 5.603 0.000 0.000 0.00 2.601 2.14 23.002 42.199 2.14 0.00
B1a 3.189 4.790 0.000 0.000 0.00 2.601 0.63 -29.782 1.799 0.63 0.00
B1a 3.189 4.790 0.000 0.000 0.00 2.601 0.63 -25.780 -21.098 0.63 0.00
B1a 3.189 4.790 0.000 0.000 0.00 2.601 0.63 -9.129 -28.325 0.63 0.00
B1a 3.189 4.790 0.000 0.000 0.00 2.601 0.63 0.799 -0.921 0.63 0.00
B1a 3.189 4.790 0.000 0.000 0.00 2.601 0.63 24.736 40.052 0.63 0.00
10.3 2.406 -2.636 0.000 0.000 0.00 3.380 1.39 -26.239 18.493 1.39 0.00
10.3 2.406 -2.636 0.000 0.000 0.00 3.380 1.39 0.812 0.895 1.39 0.00
10.3 2.406 -2.636 0.000 0.000 0.00 3.380 1.39 11.450 -49.732 1.39 0.00
10.3 2.406 -2.636 0.000 0.000 0.00 3.380 1.39 44.001 -8.962 1.39 0.00
10.2 -0.448 -2.374 0.000 0.000 0.00 3.380 3.73 -30.538 22.818 3.73 0.00
10.2 -0.448 -2.374 0.000 0.000 0.00 3.380 3.73 -24.222 -46.097 3.73 0.00
10.2 -0.448 -2.374 0.000 0.000 0.00 3.380 3.73 -4.374 40.599 3.73 0.00
10.2 -0.448 -2.374 0.000 0.000 0.00 3.380 3.73 1.240 0.767 3.73 0.00
10.2 -0.448 -2.374 0.000 0.000 0.00 3.380 3.73 25.894 27.889 3.73 0.00
10.2 -0.448 -2.374 0.000 0.000 0.00 3.380 3.73 40.020 -4.633 3.73 0.00
10.2 -0.448 -2.374 0.000 0.000 0.00 3.380 3.73 40.391 -2.279 3.73 0.00
10.1 1.546 -0.955 0.000 0.000 0.00 3.380 2.75 -30.153 17.136 2.75 0.00
10.1 1.546 -0.955 0.000 0.000 0.00 3.380 2.75 -6.225 -49.124 2.75 0.00
10.1 1.546 -0.955 0.000 0.000 0.00 3.380 2.75 0.952 0.584 2.75 0.00
10.1 1.546 -0.955 0.000 0.000 0.00 3.380 2.75 9.667 -48.045 2.75 0.00
10.1 1.546 -0.955 0.000 0.000 0.00 3.380 2.75 39.344 -16.097 2.75 0.00
10.1 1.546 -0.955 0.000 0.000 0.00 3.380 2.75 35.612 23.800 2.75 0.00
7.2d 2.371 -0.755 0.000 0.000 0.00 3.390 2.17 -28.847 16.239 2.17 0.00
7.2d 2.371 -0.755 0.000 0.000 0.00 3.390 2.17 0.801 0.548 2.17 0.00
7.2d 2.371 -0.755 0.000 0.000 0.00 3.390 2.17 13.455 -46.555 2.17 0.00
7.2d 2.371 -0.755 0.000 0.000 0.00 3.390 2.17 39.180 -19.162 2.17 0.00
7.2d 2.371 -0.755 0.000 0.000 0.00 3.390 2.17 37.226 23.170 2.17 0.00
7.2c 2.856 -0.952 0.000 0.000 0.00 3.390 1.78 -27.512 15.872 1.78 0.00
7.2c 2.856 -0.952 0.000 0.000 0.00 3.390 1.78 0.698 0.590 1.78 0.00
7.2c 2.856 -0.952 0.000 0.000 0.00 3.390 1.78 14.827 -46.452 1.78 0.00
7.2c 2.856 -0.952 0.000 0.000 0.00 3.390 1.78 39.764 -20.180 1.78 0.00
7.2c 2.856 -0.952 0.000 0.000 0.00 3.390 1.78 38.661 21.528 1.78 0.00
7.2b 1.906 -0.265 0.000 0.000 0.00 3.390 3.78 -30.043 15.186 3.78 0.00
7.2b 1.906 -0.265 0.000 0.000 0.00 3.390 3.78 0.906 0.418 3.78 0.00
7.2b 1.906 -0.265 0.000 0.000 0.00 3.390 3.78 12.380 -46.150 3.78 0.00
7.2b 1.906 -0.265 0.000 0.000 0.00 3.390 3.78 30.697 30.341 3.78 0.00
7.2b 1.906 -0.265 0.000 0.000 0.00 3.390 3.78 37.970 -18.992 3.78 0.00
7.2a 0.016 -1.122 0.000 0.000 0.00 3.390 2.05 -31.855 18.686 2.05 0.00
7.2a 0.016 -1.122 0.000 0.000 0.00 3.390 2.05 -24.561 -43.761 2.05 0.00
7.2a 0.016 -1.122 0.000 0.000 0.00 3.390 2.05 1.295 0.484 2.05 0.00
7.2a 0.016 -1.122 0.000 0.000 0.00 3.390 2.05 -1.853 42.245 2.05 0.00
7.2a 0.016 -1.122 0.000 0.000 0.00 3.390 2.05 25.470 31.006 2.05 0.00
7.2a 0.016 -1.122 0.000 0.000 0.00 3.390 2.05 38.197 -12.366 2.05 0.00
8.2 7.184 -0.588 0.000 0.000 0.00 4.307 1.95 -23.953 10.249 1.95 0.00
8.2 7.184 -0.588 0.000 0.000 0.00 4.307 1.95 -0.778 0.569 1.95 0.00
8.2 7.184 -0.588 0.000 0.000 0.00 4.307 1.95 30.479 -41.162 1.95 0.00
8.2 7.184 -0.588 0.000 0.000 0.00 4.307 1.95 42.832 -29.337 1.95 0.00
8.2 7.184 -0.588 0.000 0.000 0.00 4.307 1.95 51.595 6.512 1.95 0.00
8.1 4.567 -5.078 0.000 0.000 0.00 4.307 2.04 -20.945 19.028 2.04 0.00
8.1 4.567 -5.078 0.000 0.000 0.00 4.307 2.04 0.106 1.364 2.04 0.00
8.1 4.567 -5.078 0.000 0.000 0.00 4.307 2.04 17.036 -52.801 2.04 0.00
4.3 7.532 0.291 0.000 0.000 0.00 6.200 2.51 -25.654 9.064 2.51 0.00
4.3 7.532 0.291 0.000 0.000 0.00 6.200 2.51 -0.791 0.381 2.51 0.00
4.3 7.532 0.291 0.000 0.000 0.00 6.200 2.51 34.211 -38.966 2.51 0.00
4.3 7.532 0.291 0.000 0.000 0.00 6.200 2.51 39.990 -33.222 2.51 0.00
4.3 7.532 0.291 0.000 0.000 0.00 6.200 2.51 49.494 18.512 2.51 0.00
4.1 9.687 -4.834 0.000 0.000 0.00 6.200 0.77 -16.397 10.433 0.77 0.00
4.1 9.687 -4.834 0.000 0.000 0.00 6.200 0.77 -2.804 1.933 0.77 0.00
4.1 9.687 -4.834 0.000 0.000 0.00 6.200 0.77 31.463 -49.971 0.77 0.00
