1 -45009.472480 0.190776 67.345413 0.014022 146.642055 1.123749 0.000000
1 9.447046 0.287667 32.553594 0.006075 90.732528 0.375675 0.000000
1 -33763.887241 0.441759 99.118067 0.019482 124.601802 1.110577 0.000000
1 -45008.621363 0.619689 150.962960 0.019743 48.045357 0.289484 0.000000
1 -45008.732458 0.512264 66.040484 0.005162 53.774995 0.392844 0.000000
1 -45010.249417 0.125021 149.977089 0.013827 45.784562 1.253706 0.000000
1 -22579.316202 0.617825 137.621609 0.014089 130.988864 1.864216 0.000000
1 8.792452 0.772739 143.936800 0.014247 68.239085 1.992914 0.000000
1 -11250.362859 0.502074 168.389302 0.018339 81.978365 1.733874 0.000000
1 8.419498 0.004383 45.087214 0.007145 65.611293 1.702537 0.000000
1 -11262.814716 0.775941 136.579552 0.001176 125.714156 0.909693 -0.351672
1 -22495.832155 0.349223 41.050527 0.000935 75.692301 0.370777 -0.351672
1 -22499.892451 0.344991 164.840003 0.018689 130.673338 0.077648 -0.351672
1 5.108513 0.533327 126.817972 0.005899 87.184619 0.907455 -0.351672
1 -22501.738773 0.657278 81.355164 0.010303 95.543662 1.582130 -0.351672
1 -45008.570378 0.509547 78.491112 0.006464 17.412478 0.054520 -0.351672
1 -22512.798408 0.508018 154.567556 0.014151 110.083115 1.038715 -0.351672
1 -22519.393538 0.400645 110.828817 0.016874 118.499420 0.921002 -0.351672
1 9.519601 0.066003 177.709369 0.015046 123.038786 0.200976 -0.351672
1 -33768.312845 0.350710 84.622440 0.010060 129.555257 1.099931 -0.351672
1 -45009.042749 0.564214 43.857595 0.018018 132.387160 1.402784 -0.744213
1 -11242.549788 0.763726 112.797457 0.013512 66.950205 1.375820 -0.744213
1 -45008.609635 0.511956 63.558223 0.008268 35.303297 0.664430 -0.744213
1 7.977870 0.395383 38.943881 0.004859 94.919088 0.540673 -0.744213
1 9.259247 0.186330 69.015753 0.012428 61.562159 1.640772 -0.744213
1 -22510.679908 0.480459 56.945208 0.015340 114.039655 0.855389 -0.744213
1 -22521.270261 0.454766 162.100935 0.000429 97.132483 1.892870 -0.744213
1 9.213082 0.372579 51.619140 0.009132 67.208296 1.068574 -0.744213
1 -11250.935361 0.317448 118.452457 0.014260 84.201799 1.418344 -0.744213
1 -22515.063454 0.570512 118.889692 0.001841 101.862322 1.401197 -0.744213
1 7.951403 0.479246 93.577567 0.002442 97.928918 0.423702 -0.961901
1 8.403557 0.695203 78.693146 0.000292 117.308734 0.272267 -0.961901
1 -45008.573674 0.169484 176.564194 0.013353 137.732061 0.015779 -0.961901
1 -22588.498916 0.656758 135.051056 0.010714 133.633264 1.972630 -0.961901
1 -11243.088558 0.719000 67.324075 0.009818 73.608183 1.957819 -0.961901
1 -22509.190168 0.224566 78.155614 0.008192 89.795253 1.606604 -0.961901
1 7.987332 0.653025 161.863548 0.010788 128.688085 0.281008 -0.961901
1 9.230710 0.355825 57.437289 0.008232 70.396211 1.005770 -0.961901
1 9.526834 0.273423 173.687858 0.002869 72.642537 0.808100 -0.961901
1 -22515.063454 0.570512 118.889692 0.001841 101.862322 1.401197 -0.961901
1 -22495.042847 0.141375 40.361513 0.017174 53.501132 1.406154 -1.148558
1 9.143811 0.360581 39.784567 0.008117 66.571065 1.016600 -1.148558
1 -22518.128386 0.643488 35.534668 0.017972 142.938624 0.627125 -1.148558
1 9.377394 0.133522 63.923381 0.006148 102.388821 0.317172 -1.148558
1 -22497.943631 0.692342 36.892839 0.012004 86.368755 1.872793 -1.148558
1 7.337652 0.443925 50.504173 0.015916 65.942748 0.937762 -1.148558
1 -22521.353478 0.247121 72.897050 0.014599 144.036492 0.555854 -1.148558
1 -11253.990585 0.377921 104.041886 0.005108 91.376976 1.244910 -1.148558
1 4.800641 0.747830 154.647423 0.009416 92.991691 0.959930 -1.148558
1 6.686080 0.168684 100.018810 0.007311 105.017313 0.423584 -1.148558
1 -11245.253930 0.137729 113.517809 0.016527 70.913047 1.941181 -1.366566
1 -22528.395010 0.024903 33.895184 0.002520 132.387475 0.768894 -1.366566
1 9.194099 0.778989 151.047171 0.015656 105.415700 0.420324 -1.366566
1 9.316168 0.762122 12.965441 0.017709 131.378719 0.229040 -1.366566
1 -0.552389 0.665486 144.978386 0.007438 107.883350 0.783826 -1.366566
1 -22515.642817 0.063547 81.648468 0.015947 94.233755 1.637211 -1.366566
1 -45009.267734 0.540917 54.162972 0.001274 146.413065 1.356886 -1.366566
1 -11243.632203 0.133895 135.214320 0.014036 56.747256 0.978688 -1.366566
1 6.465058 0.794712 150.038057 0.009534 95.484516 0.865427 -1.366566
1 8.248645 0.176170 161.303574 0.006400 93.494155 0.508482 -1.366566
1 8.309950 0.535155 129.076801 0.019792 53.218036 1.835406 -1.433765
1 9.388127 0.329472 52.108033 0.016525 67.448856 1.187598 -1.433765
1 8.114784 0.367473 137.433264 0.017069 79.460705 0.864118 -1.433765
1 9.592388 0.665464 28.752082 0.015387 126.278128 0.225517 -1.433765
1 7.089586 0.074981 139.476244 0.011675 62.541786 0.734011 -1.433765
1 9.252096 0.673787 13.608291 0.017023 119.799483 0.227513 -1.433765
1 -11242.908581 0.643354 94.641510 0.017895 111.443291 0.405764 -1.433765
1 -22545.793745 0.066119 91.318071 0.010771 127.993520 1.100374 -1.433765
1 8.536092 0.204165 132.433081 0.006838 87.128522 0.585187 -1.433765
1 9.551289 0.357663 25.424088 0.002971 111.552829 0.238871 -1.433765
1 8.086979 0.660636 120.289991 0.001359 54.892201 1.949619 -1.511566
1 7.787331 0.464557 94.096691 0.007740 64.694690 1.280312 -1.511566
1 9.207610 0.133894 64.117781 0.007987 61.084358 1.340327 -1.511566
1 6.434679 0.340887 84.947478 0.001674 139.677273 0.223541 -1.511566
1 -11243.700563 0.640431 80.253928 0.013761 71.307044 1.847851 -1.511566
1 9.520476 0.644323 141.282081 0.010244 101.764583 0.324339 -1.511566
1 6.623293 0.168315 171.109952 0.000609 82.845584 0.845749 -1.511566
1 -22559.163353 0.156087 147.372571 0.002980 118.693904 1.656160 -1.511566
1 8.807002 0.689340 25.269699 0.015043 68.606820 1.842077 -1.511566
1 8.934714 0.164643 169.673668 0.011548 111.552620 0.193576 -1.511566
1 8.357767 0.653799 121.208301 0.001442 55.505729 1.937438 -1.511342
1 7.433320 0.018082 67.106025 0.014490 64.031201 0.728660 -1.511342
1 7.630696 0.113897 86.921238 0.004476 78.739860 0.867265 -1.511342
1 8.564919 0.563229 116.420460 0.009515 63.643318 1.460788 -1.511342
1 7.676773 0.623300 108.073153 0.005976 70.396923 1.010688 -1.511342
1 9.590374 0.473924 147.853257 0.010535 80.622232 0.557370 -1.511342
1 9.537776 0.154499 164.087909 0.003045 90.666138 0.365202 -1.511342
1 9.176092 0.530889 14.293740 0.014906 89.078141 0.433615 -1.511342
1 9.563118 0.367792 16.613157 0.013765 133.500325 0.160534 -1.511342
1 8.786380 0.136030 119.989337 0.014796 90.602444 0.499117 -1.511342
1 9.520513 0.396408 132.896334 0.002447 70.164930 0.808159 -1.614842
1 6.981470 0.039013 72.300421 0.014478 64.102649 0.700431 -1.614842
1 -11252.227707 0.783622 105.296849 0.013625 116.346623 0.781117 -1.614842
1 9.369401 0.563383 137.513937 0.014855 63.609359 1.679090 -1.614842
1 9.556470 0.035622 24.751318 0.000591 61.413768 1.593005 -1.614842
1 9.025557 0.142372 11.510053 0.005218 64.128366 1.777567 -1.614842
1 -11245.122652 0.536869 75.824529 0.012734 74.845836 1.823924 -1.614842
1 9.216084 0.355405 140.697207 0.003609 98.080724 0.276755 -1.614842
1 -11244.724436 0.717964 163.549938 0.020020 67.276721 0.557453 -1.614842
1 9.246478 0.530222 164.208670 0.003179 80.923981 0.552693 -1.614842
1 2.489043 0.793978 142.865761 0.000499 98.550090 1.077677 -1.654800
1 7.012384 0.040394 71.941710 0.014521 64.315062 0.694566 -1.654800
1 6.981470 0.039013 72.300421 0.014478 64.102649 0.700431 -1.654800
1 3.773009 0.349725 146.406616 0.002005 78.078525 1.351636 -1.654800
1 8.418762 0.551679 154.651616 0.013602 85.657902 0.707220 -1.654800
1 9.187322 0.316232 95.345766 0.013162 113.048881 0.246047 -1.654800
1 7.206640 0.041650 166.679094 0.004786 70.808541 1.412479 -1.654800
1 7.140707 0.401975 156.730178 0.008270 67.932524 1.842980 -1.654800
1 -11248.694589 0.601879 80.601627 0.018465 129.881015 0.419536 -1.654800
1 7.834860 0.325867 161.371479 0.013877 119.259848 0.300485 -1.654800
1 9.586544 0.479511 140.360579 0.005382 68.203085 1.026367 -1.654522
1 6.763200 0.377904 98.594057 0.017436 149.289070 0.191786 -1.654522
1 8.292066 0.044423 71.623967 0.016683 67.203778 0.687890 -1.654522
1 8.893553 0.497248 38.404244 0.013363 63.007153 1.652407 -1.654522
1 8.418762 0.551679 154.651616 0.013602 85.657902 0.707220 -1.654522
1 4.909792 0.065884 160.703420 0.000354 71.366579 1.718126 -1.654522
1 8.179007 0.402732 68.278948 0.017912 67.356545 1.518850 -1.654522
1 6.491699 0.034770 34.209499 0.008060 63.228968 0.701873 -1.654522
1 5.719475 0.128972 88.276122 0.014373 147.515652 0.207054 -1.654522
1 7.611431 0.499195 137.899394 0.013402 79.486116 0.980737 -1.654522
1 7.150926 0.237427 42.120370 0.000121 59.908241 1.073748 -1.654123
1 6.357522 0.166178 161.772582 0.013281 114.293496 0.364234 -1.654123
1 9.519386 0.012149 144.037444 0.004344 62.176431 1.274231 -1.654123
1 8.063337 0.076327 58.194801 0.013272 68.720879 1.460150 -1.654123
1 9.369553 0.198362 158.072967 0.019515 58.479502 1.510314 -1.654123
1 9.100142 0.515234 136.428834 0.012444 93.769422 0.316817 -1.654123
1 8.297771 0.231549 49.882329 0.017941 67.431651 1.706196 -1.654123
1 7.854746 0.468046 102.692942 0.016105 75.965472 0.839663 -1.654123
1 7.903182 0.664611 129.915348 0.013608 55.448994 1.401632 -1.654123
1 7.554774 0.493443 140.501664 0.013510 79.544030 0.985856 -1.654123
1 9.522376 0.351493 13.493900 0.018482 101.454530 0.337576 -1.653711
1 8.315996 0.324092 103.374273 0.017720 66.016205 1.394730 -1.653711
1 9.516801 0.007181 127.273419 0.019258 60.914447 1.471152 -1.653711
1 7.505645 0.390288 135.861980 0.015243 78.085992 0.992667 -1.653711
1 9.065152 0.558392 173.538881 0.011805 87.852351 0.491889 -1.653711
1 8.428220 0.449466 123.232639 0.015298 109.674629 0.198531 -1.653711
1 6.788550 0.079244 156.995220 0.002521 141.624262 0.211695 -1.653711
1 8.200940 0.217101 119.279839 0.004102 70.090509 1.216822 -1.653711
1 7.843274 0.651840 126.410723 0.013793 55.292229 1.463770 -1.653711
1 8.397793 0.512135 116.584843 0.011440 70.390340 1.106311 -1.653711
1 7.405754 0.374027 61.951352 0.009804 73.373858 1.252791 -1.653310
1 7.776338 0.294131 114.391153 0.016558 68.775359 1.395454 -1.653310
1 8.998451 0.079921 131.374358 0.016046 65.979665 1.419091 -1.653310
1 9.283932 0.111703 115.283617 0.014783 72.313548 0.650635 -1.653310
1 9.038501 0.562680 161.743740 0.011900 79.868781 0.712744 -1.653310
1 9.258266 0.011150 74.158494 0.019632 93.483559 0.317503 -1.653310
1 3.763979 0.676139 131.044567 0.006251 124.707018 0.434140 -1.653310
1 9.052046 0.215356 92.809379 0.001649 62.413210 1.248247 -1.653310
1 8.806272 0.037499 49.620484 0.001084 66.194954 0.771389 -1.653310
1 8.242176 0.679355 112.272673 0.013161 111.692994 0.334952 -1.653310
1 9.128998 0.050355 33.947034 0.011221 66.940777 1.326113 -1.652902
1 5.535197 0.080792 172.500477 0.005590 120.799723 0.331441 -1.652902
1 8.728110 0.162709 66.412937 0.008484 70.818584 1.104650 -1.652902
1 9.178550 0.146424 124.762544 0.016611 76.574954 0.522274 -1.652902
1 6.539689 0.651265 140.386168 0.010325 86.608005 0.954949 -1.652902
1 9.401596 0.013214 77.138526 0.019940 94.099544 0.327013 -1.652902
1 8.885488 0.780536 155.586200 0.015057 96.583927 0.522279 -1.652902
1 8.453932 0.780822 123.775093 0.005227 66.293191 1.095531 -1.652902
1 8.708263 0.475152 13.816506 0.010876 70.294798 1.314571 -1.652902
1 8.245495 0.680429 132.638531 0.014405 95.312399 0.602014 -1.652902
1 5.665475 0.640131 44.111607 0.014755 91.663375 0.897540 -1.652510
1 9.592932 0.380293 147.092301 0.004855 102.990220 0.300142 -1.652510
1 7.494923 0.316029 112.287198 0.016096 130.978998 0.119618 -1.652510
1 8.104657 0.329150 108.770425 0.019202 69.521183 1.214957 -1.652510
1 9.424676 0.676140 149.240833 0.011065 76.103706 0.767519 -1.652510
1 8.567771 0.188302 162.981427 0.014288 60.920856 0.990955 -1.652510
1 6.145137 0.665964 154.131728 0.016941 99.741994 0.649876 -1.652510
1 9.225983 0.612671 43.489562 0.009397 112.207797 0.333720 -1.652510
1 9.427452 0.149466 45.458608 0.007897 75.896689 0.606327 -1.652510
1 6.085560 0.486015 137.248809 0.011289 73.186605 1.549344 -1.652510
1 5.316759 0.134030 42.307747 0.008317 137.564284 0.248325 -1.652112
1 9.460080 0.084767 23.356196 0.017944 83.636202 0.449419 -1.652112
1 7.711276 0.318536 121.825345 0.018698 120.032561 0.293310 -1.652112
1 9.389871 0.469247 26.225823 0.013341 128.128571 0.171842 -1.652112
1 8.076986 0.766277 29.003751 0.009491 134.876089 0.292050 -1.652112
1 8.340855 0.258316 156.001300 0.009883 78.957034 0.833543 -1.652112
1 6.657453 0.146308 28.824001 0.000904 144.488153 0.204667 -1.652112
1 7.997938 0.770260 49.363235 0.013051 97.885232 0.722028 -1.652112
1 9.102091 0.771782 49.482453 0.008452 76.788543 1.346757 -1.652112
1 8.810688 0.470873 13.127831 0.007846 61.487965 1.671301 -1.652112
1 9.468489 0.077189 102.115063 0.006538 148.716196 0.130770 -1.651688
1 7.156186 0.208350 165.505952 0.009268 118.258738 0.317224 -1.651688
1 4.464077 0.118491 23.935547 0.005685 111.656637 0.425668 -1.651688
1 8.692409 0.378848 102.751514 0.003964 81.905829 0.590873 -1.651688
1 9.107332 0.241657 111.116616 0.015817 126.704174 0.208123 -1.651688
1 6.501928 0.204555 178.142808 0.012387 85.685075 0.781089 -1.651688
1 8.838375 0.235770 19.021616 0.018224 140.262787 0.118573 -1.651688
1 6.872647 0.163304 159.062862 0.011273 102.359613 0.459778 -1.651688
1 8.440844 0.326733 116.659620 0.010870 54.230147 1.866152 -1.651688
1 5.493467 0.639080 150.809069 0.012504 73.784883 1.820100 -1.651688
1 8.810516 0.551171 147.088785 0.002306 54.188699 1.862962 -1.651247
1 9.407822 0.229671 170.156868 0.008844 119.593518 0.183445 -1.651247
1 5.699615 0.615664 144.354994 0.005707 106.357332 0.552099 -1.651247
1 9.037864 0.074623 19.067340 0.009701 64.987061 0.876076 -1.651247
1 7.685311 0.267656 101.140482 0.014002 115.651890 0.309031 -1.651247
1 8.012206 0.029244 135.079568 0.009253 91.422899 0.544476 -1.651247
1 8.931626 0.647812 125.026870 0.001975 95.792486 0.335218 -1.651247
1 7.492994 0.077140 30.024368 0.006007 106.289996 0.390027 -1.651247
1 9.473051 0.200710 149.827999 0.010791 57.275362 1.736627 -1.651247
1 4.203827 0.709737 143.368764 0.011569 78.711403 1.768257 -1.651247
1 8.944836 0.013946 81.033712 0.006643 91.142494 0.479750 -1.650819
1 1.616545 0.526991 145.208584 0.010353 127.136141 0.414915 -1.650819
1 9.463022 0.033719 76.451255 0.002578 82.798078 0.530893 -1.650819
1 5.146358 0.080290 53.351021 0.004747 77.644333 1.176859 -1.650819
1 9.423357 0.130144 9.710287 0.011985 61.943997 1.889747 -1.650819
1 7.649585 0.132975 122.888312 0.015289 108.871258 0.363170 -1.650819
1 9.265728 0.630942 165.630642 0.003148 102.778427 0.330077 -1.650819
1 7.043924 0.258552 84.881818 0.016820 141.221798 0.208739 -1.650819
1 9.291853 0.251381 11.823341 0.004217 63.328870 1.121415 -1.650819
1 8.314842 0.169544 21.479373 0.010503 66.375990 1.801568 -1.650819
1 8.532252 0.759201 49.805357 0.005042 80.579706 0.840169 -1.650257
1 8.785446 0.572871 13.731552 0.018892 85.937884 0.641849 -1.650257
1 9.370941 0.624116 31.123760 0.017297 125.574556 0.250594 -1.650257
1 5.986625 0.673781 158.658507 0.005200 106.179654 0.546461 -1.650257
1 7.698970 0.217079 0.322166 0.011563 66.476306 1.930993 -1.650257
1 9.328414 0.069420 119.682828 0.008852 132.739575 0.179285 -1.650257
1 9.472912 0.012589 74.120602 0.002102 72.267066 0.693153 -1.650257
1 4.837967 0.098952 115.323014 0.018415 148.840018 0.214995 -1.650257
1 9.100502 0.206595 38.563635 0.011446 69.336465 1.235896 -1.650257
1 9.524860 0.012029 159.697368 0.007742 124.878016 0.180898 -1.650257
1 8.870609 0.787824 30.060761 0.010882 115.113392 0.417196 -1.649527
1 8.792878 0.559744 8.155976 0.017206 82.651568 0.665531 -1.649527
1 8.484453 0.570935 174.098149 0.019358 141.346592 0.121398 -1.649527
1 5.239221 0.661641 136.480176 0.005631 94.003257 0.834949 -1.649527
1 6.755646 0.099563 12.796151 0.009779 52.392333 1.980303 -1.649527
1 7.458026 0.068325 171.702999 0.001817 80.457923 0.357591 -1.649527
1 8.990838 0.433246 35.115602 0.003072 89.799660 0.373465 -1.649527
1 9.074178 0.174005 134.904015 0.018295 148.616151 0.106919 -1.649527
1 9.586928 0.235845 13.827193 0.012449 68.743878 0.937344 -1.649527
1 -0.892649 0.037051 114.725685 0.008436 81.388543 0.333956 -1.649527
1 6.404275 0.201172 3.671080 0.008567 121.645980 0.129412 -1.648757
1 9.547937 0.259585 20.000877 0.016012 107.293400 0.287385 -1.648757
1 8.881451 0.603850 175.093242 0.019004 141.795624 0.129719 -1.648757
1 2.736926 0.704641 138.871024 0.006661 90.532385 1.175782 -1.648757
1 6.224940 0.061285 9.898780 0.010067 51.808067 1.944744 -1.648757
1 9.545355 0.101669 149.695725 0.001946 74.471370 0.721288 -1.648757
1 8.612343 0.546136 154.384795 0.005352 81.395849 0.788621 -1.648757
1 8.241938 0.165202 133.141265 0.017341 79.411829 0.397931 -1.648757
1 9.415077 0.382567 11.278948 0.007470 76.040804 0.750406 -1.648757
1 9.592896 0.359916 153.514337 0.017244 62.659903 1.346296 -1.648757
1 7.650659 0.333718 52.545149 0.010855 139.510172 0.209967 -1.647215
1 8.896056 0.120056 56.634734 0.001227 111.140365 0.294680 -1.647215
1 9.567692 0.418649 10.486543 0.015395 117.780490 0.230557 -1.647215
1 2.496289 0.724128 140.534044 0.003639 88.266995 1.336238 -1.647215
1 9.399848 0.290950 144.096042 0.007073 70.442812 0.689423 -1.647215
1 9.372319 0.055147 145.940391 0.002298 74.795875 0.579828 -1.647215
1 7.712702 0.680905 47.190632 0.002133 82.099729 0.567391 -1.647215
1 8.832206 0.082081 140.587722 0.017933 65.976719 1.505432 -1.647215
1 6.996695 0.247364 31.698199 0.006284 92.765323 0.599759 -1.647215
1 8.444955 0.322001 57.366566 0.017416 61.021353 1.399675 -1.647215
1 9.108157 0.320573 154.486007 0.010645 62.008730 1.983901 -1.644115
1 7.870927 0.058822 71.028622 0.001657 112.433641 0.324671 -1.644115
1 7.111861 0.145822 92.901082 0.009999 68.107895 1.645815 -1.644115
1 2.650105 0.718196 144.059814 0.003516 87.712418 1.335623 -1.644115
1 9.401101 0.331730 137.188240 0.008639 71.179916 0.678357 -1.644115
1 7.428379 0.217523 148.563991 0.006112 75.726940 0.409024 -1.644115
1 9.567022 0.051487 5.819374 0.002727 71.819951 0.808883 -1.644115
1 8.048052 0.132341 149.878784 0.013077 54.642879 1.531137 -1.644115
1 9.016990 0.245662 82.837335 0.009049 72.157874 0.723243 -1.644115
1 9.618111 0.204935 147.273150 0.003882 65.173038 1.067002 -1.644115
1 9.242059 0.275164 169.348536 0.009614 61.963665 1.923324 -1.637893
1 8.729972 0.499122 57.817788 0.019286 81.146523 0.770431 -1.637893
1 8.184277 0.381051 140.235493 0.017384 82.082160 0.781600 -1.637893
1 7.664618 0.225965 158.772204 0.004454 112.315128 0.343245 -1.637893
1 9.224839 0.329783 137.544867 0.008038 74.475765 0.844691 -1.637893
1 9.031471 0.431503 26.241334 0.018096 146.956830 0.167761 -1.637893
1 9.565782 0.122828 35.816838 0.003778 61.937257 1.628026 -1.637893
1 5.816788 0.274512 169.659714 0.010567 136.772972 0.251944 -1.637893
1 8.326454 0.136407 51.337439 0.009440 83.921047 0.366318 -1.637893
1 4.323917 0.063132 165.686368 0.012085 83.131669 0.986554 -1.637893
1 9.081083 0.310882 64.781228 0.017691 68.593642 0.993336 -1.624637
1 7.826861 0.425647 162.689647 0.015557 128.176601 0.130306 -1.624637
1 9.472209 0.047797 152.892195 0.016557 64.949638 1.305823 -1.624637
1 9.227272 0.097592 164.374859 0.001771 106.159699 0.227098 -1.624637
1 8.209606 0.107728 95.064346 0.015254 74.352874 0.987123 -1.624637
1 9.506249 0.474314 19.040475 0.016855 148.903407 0.127574 -1.624637
1 5.928764 0.414962 130.445400 0.017580 85.334714 0.871325 -1.624637
1 8.988223 0.196974 131.881820 0.008555 86.928219 0.544054 -1.624637
1 8.304102 0.157329 46.168969 0.013197 66.536441 1.756480 -1.624637
1 8.795746 0.436529 166.225006 0.019534 67.647630 0.796429 -1.624637
1 8.222007 0.377155 83.568576 0.012497 64.741343 1.409109 -1.600570
1 7.780728 0.170739 4.133460 0.016661 127.601986 0.251250 -1.600570
1 9.532121 0.148474 158.969010 0.020006 66.515335 0.917832 -1.600570
1 9.019539 0.470390 13.002208 0.003574 88.866872 0.550507 -1.600570
1 7.106493 0.299515 26.781503 0.019602 61.070888 1.064269 -1.600570
1 7.983026 0.274797 134.911800 0.016364 57.118471 1.116622 -1.600570
1 3.399390 0.731896 145.204116 0.002419 98.986190 0.893454 -1.600570
1 8.842804 0.362101 59.541672 0.007640 100.166252 0.392695 -1.600570
1 8.656775 0.060652 100.126480 0.013970 69.412957 0.642985 -1.600570
1 4.296686 0.637909 123.372411 0.000474 99.953223 0.689188 -1.600570
1 9.394275 0.101012 94.735157 0.001713 66.670926 0.975919 -1.551611
1 8.655452 0.354052 56.014412 0.002979 145.280815 0.172098 -1.551611
1 -0.862132 0.079531 174.524037 0.015171 60.562025 0.856175 -1.551611
1 8.624161 0.133698 53.846806 0.001184 69.910110 1.221114 -1.551611
1 9.054530 0.462893 127.413427 0.002395 64.918581 0.883283 -1.551611
1 9.251067 0.314267 44.053128 0.011470 106.795365 0.319548 -1.551611
1 6.075096 0.123223 144.344455 0.002778 69.174347 1.780544 -1.551611
1 9.277492 0.236602 122.970979 0.008602 58.284487 1.539338 -1.551611
1 7.760831 0.369065 54.341071 0.006923 68.894764 1.759423 -1.551611
1 8.952660 0.385730 76.773537 0.016487 92.938754 0.377891 -1.551611
1 6.902197 0.212625 23.626669 0.017086 80.287969 0.951742 -1.440957
1 9.425146 0.364654 57.876364 0.003376 147.111377 0.128417 -1.440957
1 9.385598 0.753451 136.318593 0.000454 78.558974 0.674440 -1.440957
1 9.093382 0.150450 49.148880 0.001664 70.256643 1.090123 -1.440957
1 9.321749 0.276643 98.715325 0.007721 120.488764 0.203473 -1.440957
1 8.800485 0.322933 52.092529 0.002291 109.886799 0.210260 -1.440957
1 9.008056 0.252866 75.829326 0.002612 89.209038 0.475350 -1.440957
1 8.585375 0.236124 115.093497 0.007394 55.681222 1.604719 -1.440957
1 9.064200 0.316814 98.985320 0.019163 138.837055 0.131148 -1.440957
1 9.460582 0.059164 69.762460 0.018999 59.389941 1.805026 -1.440957
1 9.100951 0.197282 178.177912 0.006794 80.716436 0.680199 -1.220233
1 8.257387 0.253805 45.028134 0.007989 92.943786 0.524388 -1.220233
1 9.368024 0.768072 134.821834 0.011119 59.172875 1.944579 -1.220233
1 8.476770 0.321989 110.773961 0.016280 62.926916 1.771620 -1.220233
1 8.956425 0.262091 45.037448 0.003959 110.467434 0.208088 -1.220233
1 9.230784 0.339690 34.273543 0.001541 116.752533 0.194867 -1.220233
1 8.401129 0.245696 79.297737 0.000818 91.690572 0.495071 -1.220233
1 8.433322 0.561036 134.541743 0.005632 59.360948 1.040147 -1.220233
1 9.491688 0.360145 151.668126 0.000765 73.873796 0.629471 -1.220233
1 9.017125 0.528215 179.977780 0.016226 86.043013 0.545433 -1.220233
1 9.212085 0.449806 168.721198 0.018159 81.047796 0.509231 -0.809652
1 8.257387 0.253805 45.028134 0.007989 92.943786 0.524388 -0.809652
1 7.201207 0.028425 4.915634 0.016503 108.897502 0.172454 -0.809652
1 9.119365 0.666796 156.880071 0.005354 87.310827 0.579461 -0.809652
1 7.512913 0.355170 27.157181 0.015724 144.046442 0.201986 -0.809652
1 9.145956 0.110250 70.802363 0.011336 122.918845 0.222314 -0.809652
1 9.262439 0.144092 160.968394 0.002827 73.615819 0.862986 -0.809652
1 0.688221 0.693404 134.595807 0.001236 86.256324 1.503656 -0.809652
1 9.512392 0.353355 41.219768 0.014717 69.389732 1.180055 -0.809652
1 8.198372 0.124580 129.102276 0.011587 67.191829 1.526722 -0.809652
1 9.204277 0.125154 150.125027 0.011951 141.736851 0.162894 0.102970
1 8.779654 0.049784 133.840284 0.010552 75.615640 0.864599 0.102970
1 9.557584 0.230326 164.168748 0.001639 58.253742 1.757261 0.102970
1 9.207083 0.542948 136.051707 0.013261 72.998919 0.630310 0.102970
1 9.148181 0.676839 52.256108 0.000479 121.147684 0.283221 0.102970
1 9.448943 0.012767 117.456001 0.009715 131.899529 0.152159 0.102970
1 8.769531 0.294263 9.008233 0.002707 69.508081 0.694717 0.102970
1 9.228491 0.383638 132.964606 0.004742 55.325982 1.829949 0.102970
1 9.553497 0.426789 27.577388 0.006735 79.648391 0.620126 0.102970
1 8.904880 0.104109 101.989871 0.003075 67.375331 1.251228 0.102970
1 9.323535 0.083672 127.909483 0.012989 149.217702 0.139844 1.890609
1 8.448673 0.230529 152.837840 0.008156 105.687947 0.203473 1.890609
1 9.378686 0.084919 75.270334 0.001382 69.315327 0.801224 1.890609
1 9.523486 0.155911 133.487127 0.007013 58.078948 1.782453 1.890609
1 9.532848 0.798503 40.702820 0.005063 87.819372 0.950566 1.890609
1 8.494287 0.514462 98.212840 0.015573 129.799138 0.216164 1.890609
1 8.635879 0.295434 8.809418 0.002622 68.689238 0.708658 1.890609
1 7.729907 0.623686 45.441774 0.003522 73.184086 0.798170 1.890609
1 9.330772 0.698454 134.810785 0.003068 132.109534 0.176311 1.890609
1 8.882193 0.105000 101.765461 0.003073 67.499253 1.248303 1.890609
