#REFERENCE 3 47.2332780 26.7604950
   #ID       X         Y         R       EPS       TAU       AMP       E_AMP      DMAG  TIME[days]  DTIME    PARITY
   1.3   -17.877    -0.691    17.891       nan       nan     4.004     0.000      1.51  -13538.4       0.0    +-
   1.3    -3.929    -0.593     3.973       nan       nan     0.657     0.000     -0.46  -12339.4    1199.0    --
   1.3    35.320    19.760    40.472       nan       nan     5.657     0.000      1.88  -38692.3  -25153.9    ++
   1.2   -16.188    -0.788    16.207       nan       nan     4.244     0.000      1.57  -12899.5     638.9    +-
   1.2    -4.404    -0.565     4.440       nan       nan     0.787     0.000     -0.26  -12067.1    1471.3    --
   1.2    36.171    18.987    40.851       nan       nan     5.550     0.000      1.86  -39451.1  -25912.7    ++
   1.1   -16.050    -0.706    16.065       nan       nan     4.487     0.000      1.63  -12832.7     705.7    +-
   1.1    -4.460    -0.533     4.492       nan       nan     0.805     0.000     -0.24  -12037.5    1500.9    --
   1.1    36.303    18.738    40.854       nan       nan     5.560     0.000      1.86  -39493.4  -25955.0    ++
 10.1b   -27.017     2.974    27.180       nan       nan     5.764     0.000      1.90  -20260.3       0.0    +-
 10.1b    -1.501    -0.412     1.557       nan       nan     0.238     0.000     -1.56  -13609.1    6651.3    --
 10.1b    31.464    30.126    43.561       nan       nan     6.490     0.000      2.03  -38035.0  -17774.6    ++
 10.1a   -27.523     1.624    27.571       nan       nan     5.979     0.000      1.94  -20469.3    -209.0    +-
 10.1a    -1.458    -0.595     1.575       nan       nan     0.238     0.000     -1.56  -13598.9    6661.4    --
 10.1a    30.527    31.526    43.883       nan       nan     6.003     0.000      1.95  -38482.8  -18222.5    ++
   B4b    -9.587   -28.329    29.907       nan       nan     7.710     0.001      2.22  -18822.2       0.0    +-
   B4b    -1.131    -2.648     2.879       nan       nan     0.294     0.000     -1.33  -12721.8    6100.4    --
   B4b    22.228    42.512    47.973       nan       nan     4.680     0.000      1.68  -44812.6  -25990.3    ++
   B4a    -8.531   -28.642    29.885       nan       nan     8.991     0.001      2.38  -18804.5      17.8    +-
   B4a    -1.026    -2.678     2.867       nan       nan     0.293     0.000     -1.33  -12715.1    6107.1    --
   B4a    21.427    42.864    47.921       nan       nan     4.706     0.000      1.68  -44717.6  -25895.4    ++
   B3b    -9.192   -28.825    30.255       nan       nan     7.512     0.001      2.19  -19228.0       0.0    +-
   B3b    -1.033    -2.536     2.738       nan       nan     0.285     0.000     -1.36  -12813.8    6414.1    --
   B3b    21.826    42.394    47.682       nan       nan     4.774     0.000      1.70  -44278.2  -25050.2    ++
   B3a    -8.435   -29.135    30.331       nan       nan     9.987     0.002      2.50  -19273.2     -45.2    +-
   B3a    -0.951    -2.539     2.711       nan       nan     0.283     0.000     -1.37  -12821.9    6406.1    --
   B3a    21.236    42.606    47.605       nan       nan     4.808     0.000      1.70  -44137.6  -24909.7    ++
   B2b    -8.453   -28.163    29.404       nan       nan     8.856     0.001      2.37  -18282.9       0.0    +-
   B2b    -1.092    -2.841     3.044       nan       nan     0.305     0.000     -1.29  -12588.9    5694.0    --
   B2b    21.492    43.211    48.260       nan       nan     4.604     0.000      1.66  -45344.5  -27061.7    ++
   B2a    -7.432   -28.584    29.534       nan       nan    11.970     0.002      2.70  -18392.7    -109.9    +-
   B2a    -0.989    -2.822     2.991       nan       nan     0.301     0.000     -1.31  -12614.3    5668.6    --
   B2a    20.825    43.391    48.130       nan       nan     4.659     0.000      1.67  -45109.0  -26826.1    ++
   B1b   -10.660   -28.006    29.966       nan       nan     9.634     0.001      2.46  -18765.8       0.0    +-
   B1b    -1.242    -2.637     2.914       nan       nan     0.297     0.000     -1.32  -12710.5    6055.3    --
   B1b    23.002    42.199    48.061       nan       nan     4.649     0.000      1.67  -44981.7  -26215.9    ++
   B1a    -9.129   -28.325    29.760       nan       nan     7.960     0.001      2.25  -18673.9      92.0    +-
   B1a    -1.104    -2.705     2.921       nan       nan     0.297     0.000     -1.32  -12685.6    6080.2    --
   B1a    21.902    42.761    48.043       nan       nan     4.661     0.000      1.67  -44942.0  -26176.2    ++
   I2c   -24.468    15.995    29.232       nan       nan     6.874     0.000      2.09  -22729.0       0.0    +-
   I2c    -8.737   -40.620    41.549       nan       nan     9.339     0.001      2.43  -33117.7  -10388.8    ++
   I2c    -0.370     0.708     0.799       nan       nan     0.193     0.000     -1.78  -13840.5    8888.4    --
   I2c    29.574    25.819    39.259       nan       nan    12.492     0.000      2.74  -31207.7   -8478.7    ++
   I2c    31.946   -12.196    34.194       nan       nan    15.786     0.006      3.00  -29777.4   -7048.5    +-
   I2b   -23.829    15.593    28.478       nan       nan     6.569     0.000      2.04  -21879.2     849.8    +-
   I2b    -5.648   -40.978    41.365       nan       nan     9.661     0.001      2.46  -33488.7  -10759.8    ++
   I2b    -0.571     0.814     0.994       nan       nan     0.200     0.000     -1.75  -13786.0    8942.9    --
   I2b    32.916   -11.542    34.880       nan       nan    19.031     0.010      3.20  -30710.6   -7981.6    +-
   I2b    33.060    20.753    39.034       nan       nan    11.321     0.001      2.63  -31635.4   -8906.5    ++
   I2a   -24.283    16.120    29.146       nan       nan     6.870     0.000      2.09  -22613.1     115.8    +-
   I2a    -8.477   -40.727    41.600       nan       nan     9.261     0.001      2.42  -33250.1  -10521.2    ++
   I2a    -0.385     0.738     0.832       nan       nan     0.194     0.000     -1.78  -13831.1    8897.9    --
   I2a    29.988    25.044    39.070       nan       nan    31.804     0.004      3.76  -31163.1   -8434.1    ++
   I2a    32.268   -11.614    34.295       nan       nan    16.801     0.007      3.06  -29880.7   -7151.8    +-
   I1c   -24.568    14.962    28.765       nan       nan     6.640     0.000      2.06  -22264.6       0.0    +-
   I1c    -6.237   -40.602    41.078       nan       nan    10.019     0.001      2.50  -32912.0  -10647.4    ++
   I1c    -0.533     0.691     0.872       nan       nan     0.198     0.000     -1.76  -13827.3    8437.4    --
   I1c    31.571   -14.074    34.566       nan       nan    12.228     0.004      2.72  -30375.3   -8110.7    +-
   I1c    32.125    22.797    39.392       nan       nan    11.558     0.000      2.66  -31837.0   -9572.4    ++
   I1b   -23.943    14.620    28.053       nan       nan     6.343     0.000      2.01  -21471.6     793.1    +-
   I1b    -3.129   -40.723    40.843       nan       nan    11.709     0.002      2.67  -33303.1  -11038.4    ++
   I1b    -0.725     0.791     1.073       nan       nan     0.205     0.000     -1.72  -13765.4    8499.2    --
   I1b    32.334   -13.838    35.171       nan       nan    14.628     0.006      2.91  -31260.0   -8995.3    +-
   I1b    33.778    20.254    39.385       nan       nan    10.975     0.001      2.60  -32276.4  -10011.8    ++
   I1a   -24.379    15.078    28.665       nan       nan     6.601     0.000      2.05  -22140.2     124.4    +-
   I1a    -5.940   -40.694    41.126       nan       nan     9.978     0.002      2.50  -33052.6  -10788.0    ++
   I1a    -0.551     0.722     0.908       nan       nan     0.199     0.000     -1.76  -13816.1    8448.5    --
   I1a    31.860   -13.636    34.655       nan       nan    13.757     0.005      2.85  -30498.1   -8233.5    +-
   I1a    32.423    22.236    39.316       nan       nan    10.871     0.000      2.59  -31816.4   -9551.7    ++
   3.2   -13.155    44.188    46.105       nan       nan     6.809     0.000      2.08  -43182.1       0.0    ++
   3.2     2.685    -2.816     3.891       nan       nan     0.348     0.000     -1.15  -11062.5   32119.6    --
   3.2    15.613   -14.620    21.389       nan       nan     3.483     0.000      1.35  -13473.7   29708.5    +-
   3.1   -15.317    42.973    45.621       nan       nan     7.430     0.000      2.18  -42609.5     572.6    ++
   3.1     2.815    -2.610     3.839       nan       nan     0.339     0.000     -1.17  -11065.6   32116.5    --
   3.1    16.149   -13.920    21.321       nan       nan     3.359     0.000      1.32  -13483.3   29698.8    +-
   K2b   -11.488   -59.278    60.381       nan       nan     3.708     0.000      1.42  -62724.6       0.0    ++
   K2b    -4.230    20.053    20.494       nan       nan     4.654     0.000      1.67   -8931.7   53792.9    +-
   K2b    -0.722     7.585     7.620       nan       nan     1.005     0.000      0.01   -8250.9   54473.7    --
   K2a   -11.399   -59.123    60.212       nan       nan     3.759     0.000      1.44  -62391.5     333.2    ++
   K2a    -4.449    20.311    20.793       nan       nan     4.627     0.000      1.66   -9147.5   53577.1    +-
   K2a    -0.715     7.359     7.394       nan       nan     0.929     0.000     -0.08   -8385.4   54339.2    --
   K1b   -12.234   -58.802    60.062       nan       nan     3.773     0.000      1.44  -61895.9       0.0    ++
   K1b    -4.463    21.198    21.663       nan       nan     4.730     0.000      1.69   -9649.9   52246.0    +-
   K1b    -0.535     6.901     6.922       nan       nan     0.781     0.000     -0.27   -8654.8   53241.1    --
   K1a   -12.240   -58.602    59.866       nan       nan     3.837     0.000      1.46  -61482.4     413.5    ++
   K1a    -4.706    21.535    22.043       nan       nan     4.746     0.000      1.69   -9943.7   51952.2    +-
   K1a    -0.515     6.654     6.674       nan       nan     0.715     0.000     -0.36   -8820.5   53075.4    --
   8.3   -26.239    18.493    32.101       nan       nan     5.788     0.000      1.91  -23389.8       0.0    +-
   8.3    -9.385   -47.296    48.218       nan       nan     7.423     0.001      2.18  -39693.7  -16303.9    ++
   8.3    -0.571     1.034     1.181       nan       nan     0.156     0.000     -2.02  -13675.9    9713.9    --
   8.3    37.793    22.578    44.024       nan       nan    12.540     0.001      2.75  -35174.7  -11784.9    ++
   8.3    38.827    -8.508    39.748       nan       nan    15.091     0.008      2.95  -34461.3  -11071.5    +-
   8.2   -25.505    19.123    31.878       nan       nan     6.023     0.000      1.95  -22981.1     408.7    +-
   8.2    -8.924   -47.706    48.533       nan       nan     7.187     0.001      2.14  -40331.8  -16942.0    ++
   8.2    -0.597     1.151     1.296       nan       nan     0.158     0.000     -2.00  -13615.4    9774.4    --
   8.2    38.804    19.723    43.529       nan       nan    13.908     0.001      2.86  -34941.5  -11551.7    ++
   8.2    40.020    -4.633    40.287       nan       nan    22.777     0.015      3.39  -34649.2  -11259.4    +-
   8.1   -24.694    19.727    31.606       nan       nan     5.995     0.000      1.94  -22518.2     871.6    +-
   8.1    -8.409   -48.146    48.875       nan       nan     6.958     0.001      2.11  -41020.2  -17630.4    ++
   8.1    -0.629     1.278     1.425       nan       nan     0.161     0.000     -1.98  -13542.2    9847.6    --
   8.1    39.894    16.000    42.983       nan       nan    17.426     0.002      3.10  -34754.8  -11365.0    ++
   8.1    41.264    10.233    42.514       nan       nan     6.161     0.001      1.97  -34715.5  -11325.7    +-
  7.2d   -26.218    19.157    32.471       nan       nan     6.519     0.000      2.04  -23704.5       0.0    +-
  7.2d   -10.811   -47.252    48.473       nan       nan     7.356     0.001      2.17  -39886.9  -16182.4    ++
  7.2d    -0.472     1.043     1.145       nan       nan     0.153     0.000     -2.04  -13686.7   10017.8    --
  7.2d    37.226    23.170    43.848       nan       nan    13.046     0.001      2.79  -34717.5  -11013.0    ++
  7.2d    38.881    -7.392    39.577       nan       nan    14.897     0.007      2.93  -34014.8  -10310.3    +-
  7.2c   -27.512    15.872    31.763       nan       nan     5.425     0.000      1.84  -23271.9     432.6    +-
  7.2c    -5.834   -46.488    46.852       nan       nan    11.162     0.002      2.62  -37974.5  -14270.0    ++
  7.2c    -0.803     0.769     1.112       nan       nan     0.158     0.000     -2.00  -13729.8    9974.6    --
  7.2c    35.518   -17.509    39.599       nan       nan    11.060     0.006      2.61  -35104.5  -11400.0    +-
  7.2c    37.364    26.034    45.540       nan       nan    10.355     0.000      2.54  -37085.9  -13381.5    ++
  7.2b   -26.356    17.251    31.499       nan       nan     4.504     0.000      1.63  -22862.0     842.5    +-
  7.2b    -6.580   -47.232    47.688       nan       nan     8.877     0.001      2.37  -39263.7  -15559.2    ++
  7.2b    -0.766     0.990     1.252       nan       nan     0.160     0.000     -1.99  -13654.4   10050.0    --
  7.2b    38.276   -11.777    40.047       nan       nan    15.660     0.010      2.99  -35317.8  -11613.4    +-
  7.2b    38.665    22.167    44.569       nan       nan    11.620     0.001      2.66  -36197.2  -12492.7    ++
  7.2a   -26.327    17.010    31.344       nan       nan     4.493     0.000      1.63  -22700.0    1004.5    +-
  7.2a    -5.467   -47.205    47.520       nan       nan    16.635     0.005      3.05  -39216.3  -15511.8    ++
  7.2a    -0.815     0.989     1.281       nan       nan     0.161     0.000     -1.98  -13642.3   10062.2    --
  7.2a    38.197   -12.366    40.149       nan       nan    15.963     0.011      3.01  -35535.4  -11831.0    +-
  7.2a    38.937    21.875    44.661       nan       nan    11.499     0.001      2.65  -36420.9  -12716.4    ++
   6.3   -13.555    10.073    16.888       nan       nan     3.138     0.000      1.24   -9934.1       0.0    +-
   6.3    -5.121     4.109     6.565       nan       nan     0.839     0.000     -0.19   -9506.9     427.1    --
   6.3    28.237   -43.092    51.520       nan       nan     7.798     0.032      2.23  -53142.5  -43208.5    ++
   6.2   -12.106     9.412    15.335       nan       nan     3.519     0.000      1.37   -9174.1     759.9    +-
   6.2    -5.844     4.838     7.587       nan       nan     1.346     0.000      0.32   -8993.2     940.8    --
   6.2    28.149   -43.982    52.219       nan       nan     7.188     0.029      2.14  -54351.0  -44416.9    ++
   6.1   -13.495     9.892    16.732       nan       nan     3.170     0.000      1.25   -9864.9      69.2    +-
   6.1    -5.217     4.115     6.645       nan       nan     0.870     0.000     -0.15   -9466.2     467.9    --
   6.1    28.859   -42.606    51.460       nan       nan     7.864     0.035      2.24  -53164.7  -43230.7    ++
  12.2   -16.551   -55.958    58.355       nan       nan     4.187     0.000      1.55  -55003.5       0.0    ++
  12.2   -14.099    28.579    31.867       nan       nan     8.365     0.000      2.31  -18767.3   36236.2    +-
  12.2    -0.001     3.016     3.016       nan       nan     0.159     0.000     -1.99  -11931.0   43072.5    --
  12.1   -17.551   -55.436    58.148       nan       nan     4.210     0.000      1.56  -54455.8     547.7    ++
  12.1   -14.295    29.268    32.572       nan       nan     8.782     0.000      2.36  -19491.2   35512.3    +-
  12.1     0.109     2.877     2.879       nan       nan     0.147     0.000     -2.08  -12082.8   42920.7    --
   D4b   -17.296    10.964    20.479       nan       nan     3.139     0.000      1.24  -11359.8       0.0    +-
   D4b    -4.391     2.954     5.293       nan       nan     0.414     0.000     -0.96  -10138.0    1221.8    --
   D4b    32.253   -40.874    52.067       nan       nan    30.378    67.659      3.71  -53316.0  -41956.2    ++
   D4b    32.454   -40.652    52.017       nan       nan    45.784   173.884      4.15  -53316.2  -41956.4    +-
   D4b    33.376   -39.821    51.959       nan       nan    11.311     1.456      2.63  -53317.4  -41957.5    ++
   D4a   -17.284    10.959    20.466       nan       nan     3.138     0.000      1.24  -11351.3       8.5    +-
   D4a    -4.395     2.958     5.298       nan       nan     0.415     0.000     -0.96  -10133.6    1226.2    --
   D4a    32.249   -40.889    52.076       nan       nan    26.129    30.056      3.54  -53328.1  -41968.3    ++
   D4a    32.466   -40.648    52.022       nan       nan    31.472    51.943      3.74  -53328.3  -41968.4    +-
   D4a    33.382   -39.825    51.965       nan       nan    11.244     1.448      2.63  -53329.2  -41969.4    ++
   D3b   -17.310    11.019    20.520       nan       nan     3.143     0.000      1.24  -11386.2       0.0    +-
   D3b    -4.372     2.956     5.277       nan       nan     0.411     0.000     -0.97  -10150.7    1235.6    --
   D3b    31.964   -41.166    52.118       nan       nan    10.571     1.382      2.56  -53303.2  -41916.9    ++
   D3b    32.800   -40.298    51.960       nan       nan    29.705    26.839      3.68  -53301.9  -41915.7    +-
   D3b    33.017   -40.115    51.955       nan       nan    74.470   336.389      4.68  -53301.9  -41915.6    ++
   D3a   -17.336    11.029    20.547       nan       nan     3.146     0.000      1.24  -11404.4     -18.2    +-
   D3a    -4.363     2.948     5.266       nan       nan     0.409     0.000     -0.97  -10160.0    1226.2    --
   D3a    31.964   -41.145    52.102       nan       nan    10.799     1.446      2.58  -53277.5  -41891.3    ++
   D3a    32.785   -40.293    51.946       nan       nan    30.800    29.914      3.72  -53276.4  -41890.1    +-
   D3a    33.009   -40.104    51.941       nan       nan    61.830   167.805      4.48  -53276.3  -41890.1    ++
   D2c   -17.204    10.946    20.391       nan       nan     3.129     0.000      1.24  -11300.4       0.0    +-
   D2c    -4.417     2.985     5.331       nan       nan     0.421     0.000     -0.94  -10107.0    1193.4    --
   D2c    32.119   -41.094    52.157       nan       nan    11.654     2.193      2.67  -53407.8  -42107.4    ++
   D2c    32.639   -40.524    52.034       nan       nan    10.549     4.434      2.56  -53407.6  -42107.2    +-
   D2c    33.309   -39.946    52.012       nan       nan    12.065     2.064      2.70  -53408.0  -42107.6    ++
   D2b   -17.172    10.930    20.356       nan       nan     3.125     0.000      1.24  -11277.0      23.4    +-
   D2b    -4.428     2.995     5.346       nan       nan     0.424     0.000     -0.93  -10094.9    1205.5    --
   D2b    32.138   -41.100    52.173       nan       nan    11.589     2.246      2.66  -53438.7  -42138.3    ++
   D2b    32.639   -40.547    52.052       nan       nan     9.910     4.107      2.49  -53438.3  -42137.9    +-
   D2b    33.342   -39.941    52.029       nan       nan    11.532     1.871      2.65  -53439.1  -42138.7    ++
   D2a   -17.280    10.976    20.472       nan       nan     3.138     0.000      1.24  -11354.7     -54.3    +-
   D2a    -4.391     2.961     5.296       nan       nan     0.414     0.000     -0.96  -10135.0    1165.4    --
   D2a    32.119   -41.031    52.107       nan       nan    13.039     2.706      2.79  -53332.1  -42031.7    ++
   D2a    32.592   -40.515    51.997       nan       nan    13.108     5.865      2.79  -53332.0  -42031.6    +-
   D2a    33.279   -39.917    51.970       nan       nan    12.610     2.131      2.75  -53332.5  -42032.1    ++
   D1b   -17.414    10.825    20.505       nan       nan     3.145     0.000      1.24  -11383.0       0.0    +-
   D1b    -4.408     2.898     5.275       nan       nan     0.409     0.000     -0.97  -10153.2    1229.7    --
   D1b    34.211   -38.966    51.853       nan       nan    10.877     0.237      2.59  -53210.2  -41827.2    ++
   D1a   -16.397    10.433    19.434       nan       nan     3.050     0.000      1.21  -10685.1     697.8    +-
   D1a    -4.768     3.224     5.756       nan       nan     0.509     0.000     -0.73   -9780.7    1602.2    --
   D1a    34.342   -39.594    52.412       nan       nan     9.352     0.341      2.43  -54194.1  -42811.1    ++
  13.2   -32.639    13.242    35.222       nan       nan     5.254     0.000      1.80  -25925.1       0.0    +-
  13.2    -9.646   -48.157    49.114       nan       nan     9.462     0.001      2.44  -38248.3  -12323.2    ++
  13.2    -0.756     0.283     0.807       nan       nan     0.133     0.000     -2.19  -13846.6   12078.5    --
  13.2    34.345   -22.985    41.327       nan       nan     7.716     0.004      2.22  -35900.5   -9975.4    +-
  13.2    35.900    35.657    50.599       nan       nan     6.738     0.000      2.07  -41938.4  -16013.3    ++
  13.1   -32.810    13.124    35.337       nan       nan     5.281     0.000      1.81  -26071.9    -146.8    +-
  13.1   -10.147   -48.031    49.091       nan       nan     9.547     0.001      2.45  -38119.3  -12194.2    ++
  13.1    -0.734     0.258     0.778       nan       nan     0.132     0.000     -2.19  -13855.3   12069.8    --
  13.1    34.153   -23.090    41.226       nan       nan     7.904     0.004      2.24  -35726.9   -9801.8    +-
  13.1    35.571    36.035    50.634       nan       nan     6.680     0.000      2.06  -41961.0  -16035.9    ++
