#REFERENCE 3 47.2332780 26.7604950
1.3 5.459 0.851 0.000 0.000 0.00 1.270 1.88 -17.877 -0.691 1.88 0.00
1.3 5.459 0.851 0.000 0.000 0.00 1.270 1.88 -3.929 -0.593 1.88 0.00
1.3 5.459 0.851 0.000 0.000 0.00 1.270 1.88 35.320 19.760 1.88 0.00
1.2 5.925 0.768 0.000 0.000 0.00 1.270 -0.26 -16.188 -0.788 -0.26 0.00
1.2 5.925 0.768 0.000 0.000 0.00 1.270 -0.26 -4.404 -0.565 -0.26 0.00
1.2 5.925 0.768 0.000 0.000 0.00 1.270 -0.26 36.171 18.987 -0.26 0.00
1.1 5.978 0.718 0.000 0.000 0.00 1.270 1.63 -16.050 -0.706 1.63 0.00
1.1 5.978 0.718 0.000 0.000 0.00 1.270 1.63 -4.460 -0.533 1.63 0.00
1.1 5.978 0.718 0.000 0.000 0.00 1.270 1.63 36.303 18.738 1.63 0.00
10.1b 2.469 0.935 0.000 0.000 0.00 1.798 1.90 -27.017 2.974 1.90 0.00
10.1b 2.469 0.935 0.000 0.000 0.00 1.798 1.90 -1.501 -0.412 1.90 0.00
10.1b 2.469 0.935 0.000 0.000 0.00 1.798 1.90 31.464 30.126 1.90 0.00
10.1a 2.356 1.319 0.000 0.000 0.00 1.798 1.95 -27.523 1.624 1.95 0.00
10.1a 2.356 1.319 0.000 0.000 0.00 1.798 1.95 -1.458 -0.595 1.95 0.00
10.1a 2.356 1.319 0.000 0.000 0.00 1.798 1.95 30.527 31.526 1.95 0.00
B4b 1.254 5.315 0.000 0.000 0.00 1.855 1.68 -9.587 -28.329 1.68 0.00
B4b 1.254 5.315 0.000 0.000 0.00 1.855 1.68 -1.131 -2.648 1.68 0.00
B4b 1.254 5.315 0.000 0.000 0.00 1.855 1.68 22.228 42.512 1.68 0.00
B4a 1.030 5.392 0.000 0.000 0.00 1.855 2.38 -8.531 -28.642 2.38 0.00
B4a 1.030 5.392 0.000 0.000 0.00 1.855 2.38 -1.026 -2.678 2.38 0.00
B4a 1.030 5.392 0.000 0.000 0.00 1.855 2.38 21.427 42.864 2.38 0.00
B3b 1.079 5.149 0.000 0.000 0.00 1.855 1.70 -9.192 -28.825 1.70 0.00
B3b 1.079 5.149 0.000 0.000 0.00 1.855 1.70 -1.033 -2.536 1.70 0.00
B3b 1.079 5.149 0.000 0.000 0.00 1.855 1.70 21.826 42.394 1.70 0.00
B3a 0.908 5.174 0.000 0.000 0.00 1.855 2.50 -8.435 -29.135 2.50 0.00
B3a 0.908 5.174 0.000 0.000 0.00 1.855 2.50 -0.951 -2.539 2.50 0.00
B3a 0.908 5.174 0.000 0.000 0.00 1.855 2.50 21.236 42.606 2.50 0.00
B2b 1.124 5.648 0.000 0.000 0.00 1.855 1.66 -8.453 -28.163 1.66 0.00
B2b 1.124 5.648 0.000 0.000 0.00 1.855 1.66 -1.092 -2.841 1.66 0.00
B2b 1.124 5.648 0.000 0.000 0.00 1.855 1.66 21.492 43.211 1.66 0.00
B2a 0.918 5.643 0.000 0.000 0.00 1.855 2.70 -7.432 -28.584 2.70 0.00
B2a 0.918 5.643 0.000 0.000 0.00 1.855 2.70 -0.989 -2.822 2.70 0.00
B2a 0.918 5.643 0.000 0.000 0.00 1.855 2.70 20.825 43.391 2.70 0.00
B1b 1.482 5.268 0.000 0.000 0.00 1.855 1.67 -10.660 -28.006 1.67 0.00
B1b 1.482 5.268 0.000 0.000 0.00 1.855 1.67 -1.242 -2.637 1.67 0.00
B1b 1.482 5.268 0.000 0.000 0.00 1.855 1.67 23.002 42.199 1.67 0.00
B1a 1.183 5.418 0.000 0.000 0.00 1.855 2.25 -9.129 -28.325 2.25 0.00
B1a 1.183 5.418 0.000 0.000 0.00 1.855 2.25 -1.104 -2.705 2.25 0.00
B1a 1.183 5.418 0.000 0.000 0.00 1.855 2.25 21.902 42.761 2.25 0.00
I2c 0.190 -1.414 0.000 0.000 0.00 1.876 2.09 -24.468 15.995 2.09 0.00
I2c 0.190 -1.414 0.000 0.000 0.00 1.876 2.09 -8.737 -40.620 2.09 0.00
I2c 0.190 -1.414 0.000 0.000 0.00 1.876 2.09 -0.370 0.708 2.09 0.00
I2c 0.190 -1.414 0.000 0.000 0.00 1.876 2.09 29.574 25.819 2.09 0.00
I2c 0.190 -1.414 0.000 0.000 0.00 1.876 2.09 31.946 -12.196 2.09 0.00
I2b 0.643 -1.676 0.000 0.000 0.00 1.876 3.20 -23.829 15.593 3.20 0.00
I2b 0.643 -1.676 0.000 0.000 0.00 1.876 3.20 -5.648 -40.978 3.20 0.00
I2b 0.643 -1.676 0.000 0.000 0.00 1.876 3.20 -0.571 0.814 3.20 0.00
I2b 0.643 -1.676 0.000 0.000 0.00 1.876 3.20 32.916 -11.542 3.20 0.00
I2b 0.643 -1.676 0.000 0.000 0.00 1.876 3.20 33.060 20.753 3.20 0.00
I2a 0.227 -1.484 0.000 0.000 0.00 1.876 2.42 -24.283 16.120 2.42 0.00
I2a 0.227 -1.484 0.000 0.000 0.00 1.876 2.42 -8.477 -40.727 2.42 0.00
I2a 0.227 -1.484 0.000 0.000 0.00 1.876 2.42 -0.385 0.738 2.42 0.00
I2a 0.227 -1.484 0.000 0.000 0.00 1.876 2.42 29.988 25.044 2.42 0.00
I2a 0.227 -1.484 0.000 0.000 0.00 1.876 2.42 32.268 -11.614 2.42 0.00
I1c 0.550 -1.390 0.000 0.000 0.00 1.876 2.06 -24.568 14.962 2.06 0.00
I1c 0.550 -1.390 0.000 0.000 0.00 1.876 2.06 -6.237 -40.602 2.06 0.00
I1c 0.550 -1.390 0.000 0.000 0.00 1.876 2.06 -0.533 0.691 2.06 0.00
I1c 0.550 -1.390 0.000 0.000 0.00 1.876 2.06 31.571 -14.074 2.06 0.00
I1c 0.550 -1.390 0.000 0.000 0.00 1.876 2.06 32.125 22.797 2.06 0.00
I1b 0.976 -1.633 0.000 0.000 0.00 1.876 2.91 -23.943 14.620 2.91 0.00
I1b 0.976 -1.633 0.000 0.000 0.00 1.876 2.91 -3.129 -40.723 2.91 0.00
I1b 0.976 -1.633 0.000 0.000 0.00 1.876 2.91 -0.725 0.791 2.91 0.00
I1b 0.976 -1.633 0.000 0.000 0.00 1.876 2.91 32.334 -13.838 2.91 0.00
I1b 0.976 -1.633 0.000 0.000 0.00 1.876 2.91 33.778 20.254 2.91 0.00
I1a 0.594 -1.463 0.000 0.000 0.00 1.876 2.50 -24.379 15.078 2.50 0.00
I1a 0.594 -1.463 0.000 0.000 0.00 1.876 2.50 -5.940 -40.694 2.50 0.00
I1a 0.594 -1.463 0.000 0.000 0.00 1.876 2.50 -0.551 0.722 2.50 0.00
I1a 0.594 -1.463 0.000 0.000 0.00 1.876 2.50 31.860 -13.636 2.50 0.00
I1a 0.594 -1.463 0.000 0.000 0.00 1.876 2.50 32.423 22.236 2.50 0.00
3.2 -6.712 5.812 0.000 0.000 0.00 2.036 1.35 -13.155 44.188 1.35 0.00
3.2 -6.712 5.812 0.000 0.000 0.00 2.036 1.35 2.685 -2.816 1.35 0.00
3.2 -6.712 5.812 0.000 0.000 0.00 2.036 1.35 15.613 -14.620 1.35 0.00
3.1 -7.000 5.473 0.000 0.000 0.00 2.036 2.18 -15.317 42.973 2.18 0.00
3.1 -7.000 5.473 0.000 0.000 0.00 2.036 2.18 2.815 -2.610 2.18 0.00
3.1 -7.000 5.473 0.000 0.000 0.00 2.036 2.18 16.149 -13.920 2.18 0.00
K2b -0.096 -12.510 0.000 0.000 0.00 3.290 1.42 -11.488 -59.278 1.42 0.00
K2b -0.096 -12.510 0.000 0.000 0.00 3.290 1.42 -4.230 20.053 1.42 0.00
K2b -0.096 -12.510 0.000 0.000 0.00 3.290 1.42 -0.722 7.585 1.42 0.00
K2a -0.068 -12.373 0.000 0.000 0.00 3.290 1.66 -11.399 -59.123 1.66 0.00
K2a -0.068 -12.373 0.000 0.000 0.00 3.290 1.66 -4.449 20.311 1.66 0.00
K2a -0.068 -12.373 0.000 0.000 0.00 3.290 1.66 -0.715 7.359 1.66 0.00
K1b -0.315 -12.098 0.000 0.000 0.00 3.290 1.44 -12.234 -58.802 1.44 0.00
K1b -0.315 -12.098 0.000 0.000 0.00 3.290 1.44 -4.463 21.198 1.44 0.00
K1b -0.315 -12.098 0.000 0.000 0.00 3.290 1.44 -0.535 6.901 1.44 0.00
K1a -0.312 -11.920 0.000 0.000 0.00 3.290 1.69 -12.240 -58.602 1.69 0.00
K1a -0.312 -11.920 0.000 0.000 0.00 3.290 1.69 -4.706 21.535 1.69 0.00
K1a -0.312 -11.920 0.000 0.000 0.00 3.290 1.69 -0.515 6.654 1.69 0.00
8.3 0.776 -2.494 0.000 0.000 0.00 3.380 1.91 -26.239 18.493 1.91 0.00
8.3 0.776 -2.494 0.000 0.000 0.00 3.380 1.91 -9.385 -47.296 1.91 0.00
8.3 0.776 -2.494 0.000 0.000 0.00 3.380 1.91 -0.571 1.034 1.91 0.00
8.3 0.776 -2.494 0.000 0.000 0.00 3.380 1.91 37.793 22.578 1.91 0.00
8.3 0.776 -2.494 0.000 0.000 0.00 3.380 1.91 38.827 -8.508 1.91 0.00
8.2 0.843 -2.797 0.000 0.000 0.00 3.380 3.39 -25.505 19.123 3.39 0.00
8.2 0.843 -2.797 0.000 0.000 0.00 3.380 3.39 -8.924 -47.706 3.39 0.00
8.2 0.843 -2.797 0.000 0.000 0.00 3.380 3.39 -0.597 1.151 3.39 0.00
8.2 0.843 -2.797 0.000 0.000 0.00 3.380 3.39 38.804 19.723 3.39 0.00
8.2 0.843 -2.797 0.000 0.000 0.00 3.380 3.39 40.020 -4.633 3.39 0.00
8.1 0.922 -3.123 0.000 0.000 0.00 3.380 2.11 -24.694 19.727 2.11 0.00
8.1 0.922 -3.123 0.000 0.000 0.00 3.380 2.11 -8.409 -48.146 2.11 0.00
8.1 0.922 -3.123 0.000 0.000 0.00 3.380 2.11 -0.629 1.278 2.11 0.00
8.1 0.922 -3.123 0.000 0.000 0.00 3.380 2.11 39.894 16.000 2.11 0.00
8.1 0.922 -3.123 0.000 0.000 0.00 3.380 2.11 41.264 10.233 2.11 0.00
7.2d 0.530 -2.515 0.000 0.000 0.00 3.390 2.79 -26.218 19.157 2.79 0.00
7.2d 0.530 -2.515 0.000 0.000 0.00 3.390 2.79 -10.811 -47.252 2.79 0.00
7.2d 0.530 -2.515 0.000 0.000 0.00 3.390 2.79 -0.472 1.043 2.79 0.00
7.2d 0.530 -2.515 0.000 0.000 0.00 3.390 2.79 37.226 23.170 2.79 0.00
7.2d 0.530 -2.515 0.000 0.000 0.00 3.390 2.79 38.881 -7.392 2.79 0.00
7.2c 1.336 -1.819 0.000 0.000 0.00 3.390 1.84 -27.512 15.872 1.84 0.00
7.2c 1.336 -1.819 0.000 0.000 0.00 3.390 1.84 -5.834 -46.488 1.84 0.00
7.2c 1.336 -1.819 0.000 0.000 0.00 3.390 1.84 -0.803 0.769 1.84 0.00
7.2c 1.336 -1.819 0.000 0.000 0.00 3.390 1.84 35.518 -17.509 1.84 0.00
7.2c 1.336 -1.819 0.000 0.000 0.00 3.390 1.84 37.364 26.034 1.84 0.00
7.2b 1.253 -2.388 0.000 0.000 0.00 3.390 2.37 -26.356 17.251 2.37 0.00
7.2b 1.253 -2.388 0.000 0.000 0.00 3.390 2.37 -6.580 -47.232 2.37 0.00
7.2b 1.253 -2.388 0.000 0.000 0.00 3.390 2.37 -0.766 0.990 2.37 0.00
7.2b 1.253 -2.388 0.000 0.000 0.00 3.390 2.37 38.276 -11.777 2.37 0.00
7.2b 1.253 -2.388 0.000 0.000 0.00 3.390 2.37 38.665 22.167 2.37 0.00
7.2a 1.372 -2.387 0.000 0.000 0.00 3.390 3.01 -26.327 17.010 3.01 0.00
7.2a 1.372 -2.387 0.000 0.000 0.00 3.390 3.01 -5.467 -47.205 3.01 0.00
7.2a 1.372 -2.387 0.000 0.000 0.00 3.390 3.01 -0.815 0.989 3.01 0.00
7.2a 1.372 -2.387 0.000 0.000 0.00 3.390 3.01 38.197 -12.366 3.01 0.00
7.2a 1.372 -2.387 0.000 0.000 0.00 3.390 3.01 38.937 21.875 3.01 0.00
6.3 8.116 -7.384 0.000 0.000 0.00 3.731 1.24 -13.555 10.073 1.24 0.00
6.3 8.116 -7.384 0.000 0.000 0.00 3.731 1.24 -5.121 4.109 1.24 0.00
6.3 8.116 -7.384 0.000 0.000 0.00 3.731 1.24 28.237 -43.092 1.24 0.00
6.2 8.427 -7.900 0.000 0.000 0.00 3.731 0.32 -12.106 9.412 0.32 0.00
6.2 8.427 -7.900 0.000 0.000 0.00 3.731 0.32 -5.844 4.838 0.32 0.00
6.2 8.427 -7.900 0.000 0.000 0.00 3.731 0.32 28.149 -43.982 0.32 0.00
6.1 8.218 -7.339 0.000 0.000 0.00 3.731 2.24 -13.495 9.892 2.24 0.00
6.1 8.218 -7.339 0.000 0.000 0.00 3.731 2.24 -5.217 4.115 2.24 0.00
6.1 8.218 -7.339 0.000 0.000 0.00 3.731 2.24 28.859 -42.606 2.24 0.00
12.2 -0.750 -7.779 0.000 0.000 0.00 5.560 1.55 -16.551 -55.958 1.55 0.00
12.2 -0.750 -7.779 0.000 0.000 0.00 5.560 1.55 -14.099 28.579 1.55 0.00
12.2 -0.750 -7.779 0.000 0.000 0.00 5.560 1.55 -0.001 3.016 1.55 0.00
12.1 -1.004 -7.453 0.000 0.000 0.00 5.560 2.36 -17.551 -55.436 2.36 0.00
12.1 -1.004 -7.453 0.000 0.000 0.00 5.560 2.36 -14.295 29.268 2.36 0.00
12.1 -1.004 -7.453 0.000 0.000 0.00 5.560 2.36 0.109 2.877 2.36 0.00
D4b 8.328 -6.381 0.000 0.000 0.00 6.200 3.59 -17.296 10.964 3.59 0.00
D4b 8.328 -6.381 0.000 0.000 0.00 6.200 3.59 -4.391 2.954 3.59 0.00
D4b 8.328 -6.381 0.000 0.000 0.00 6.200 3.59 32.253 -40.874 3.59 0.00
D4b 8.328 -6.381 0.000 0.000 0.00 6.200 3.59 32.454 -40.652 3.59 0.00
D4b 8.328 -6.381 0.000 0.000 0.00 6.200 3.59 33.376 -39.821 3.59 0.00
D4a 8.332 -6.386 0.000 0.000 0.00 6.200 3.38 -17.284 10.959 3.38 0.00
D4a 8.332 -6.386 0.000 0.000 0.00 6.200 3.38 -4.395 2.958 3.38 0.00
D4a 8.332 -6.386 0.000 0.000 0.00 6.200 3.38 32.249 -40.889 3.38 0.00
D4a 8.332 -6.386 0.000 0.000 0.00 6.200 3.38 32.466 -40.648 3.38 0.00
D4a 8.332 -6.386 0.000 0.000 0.00 6.200 3.38 33.382 -39.825 3.38 0.00
D3b 8.297 -6.394 0.000 0.000 0.00 6.200 3.65 -17.310 11.019 3.65 0.00
D3b 8.297 -6.394 0.000 0.000 0.00 6.200 3.65 -4.372 2.956 3.65 0.00
D3b 8.297 -6.394 0.000 0.000 0.00 6.200 3.65 31.964 -41.166 3.65 0.00
D3b 8.297 -6.394 0.000 0.000 0.00 6.200 3.65 32.800 -40.298 3.65 0.00
D3b 8.297 -6.394 0.000 0.000 0.00 6.200 3.65 33.017 -40.115 3.65 0.00
D3a 8.289 -6.384 0.000 0.000 0.00 6.200 3.75 -17.336 11.029 3.75 0.00
D3a 8.289 -6.384 0.000 0.000 0.00 6.200 3.75 -4.363 2.948 3.75 0.00
D3a 8.289 -6.384 0.000 0.000 0.00 6.200 3.75 31.964 -41.145 3.75 0.00
D3a 8.289 -6.384 0.000 0.000 0.00 6.200 3.75 32.785 -40.293 3.75 0.00
D3a 8.289 -6.384 0.000 0.000 0.00 6.200 3.75 33.009 -40.104 3.75 0.00
D2c 8.349 -6.423 0.000 0.000 0.00 6.200 2.76 -17.204 10.946 2.76 0.00
D2c 8.349 -6.423 0.000 0.000 0.00 6.200 2.76 -4.417 2.985 2.76 0.00
D2c 8.349 -6.423 0.000 0.000 0.00 6.200 2.76 32.119 -41.094 2.76 0.00
D2c 8.349 -6.423 0.000 0.000 0.00 6.200 2.76 32.639 -40.524 2.76 0.00
D2c 8.349 -6.423 0.000 0.000 0.00 6.200 2.76 33.309 -39.946 2.76 0.00
D2b 8.361 -6.433 0.000 0.000 0.00 6.200 2.56 -17.172 10.930 2.56 0.00
D2b 8.361 -6.433 0.000 0.000 0.00 6.200 2.56 -4.428 2.995 2.56 0.00
D2b 8.361 -6.433 0.000 0.000 0.00 6.200 2.56 32.138 -41.100 2.56 0.00
D2b 8.361 -6.433 0.000 0.000 0.00 6.200 2.56 32.639 -40.547 2.56 0.00
D2b 8.361 -6.433 0.000 0.000 0.00 6.200 2.56 33.342 -39.941 2.56 0.00
D2a 8.323 -6.394 0.000 0.000 0.00 6.200 2.81 -17.280 10.976 2.81 0.00
D2a 8.323 -6.394 0.000 0.000 0.00 6.200 2.81 -4.391 2.961 2.81 0.00
D2a 8.323 -6.394 0.000 0.000 0.00 6.200 2.81 32.119 -41.031 2.81 0.00
D2a 8.323 -6.394 0.000 0.000 0.00 6.200 2.81 32.592 -40.515 2.81 0.00
D2a 8.323 -6.394 0.000 0.000 0.00 6.200 2.81 33.279 -39.917 2.81 0.00
D1b 8.384 -6.269 0.000 0.000 0.00 6.200 2.61 -17.414 10.825 2.61 0.00
D1b 8.384 -6.269 0.000 0.000 0.00 6.200 2.61 -4.408 2.898 2.61 0.00
D1b 8.384 -6.269 0.000 0.000 0.00 6.200 2.61 34.211 -38.966 2.61 0.00
D1a 8.711 -6.651 0.000 0.000 0.00 6.200 1.21 -16.397 10.433 1.21 0.00
D1a 8.711 -6.651 0.000 0.000 0.00 6.200 1.21 -4.768 3.224 1.21 0.00
D1a 8.711 -6.651 0.000 0.000 0.00 6.200 1.21 34.342 -39.594 1.21 0.00
13.2 1.284 -0.607 0.000 0.000 0.00 6.792 2.44 -32.639 13.242 2.44 0.00
13.2 1.284 -0.607 0.000 0.000 0.00 6.792 2.44 -9.646 -48.157 2.44 0.00
13.2 1.284 -0.607 0.000 0.000 0.00 6.792 2.44 -0.756 0.283 2.44 0.00
13.2 1.284 -0.607 0.000 0.000 0.00 6.792 2.44 34.345 -22.985 2.44 0.00
13.2 1.284 -0.607 0.000 0.000 0.00 6.792 2.44 35.900 35.657 2.44 0.00
13.1 1.221 -0.534 0.000 0.000 0.00 6.792 2.25 -32.810 13.124 2.25 0.00
13.1 1.221 -0.534 0.000 0.000 0.00 6.792 2.25 -10.147 -48.031 2.25 0.00
13.1 1.221 -0.534 0.000 0.000 0.00 6.792 2.25 -0.734 0.258 2.25 0.00
13.1 1.221 -0.534 0.000 0.000 0.00 6.792 2.25 34.153 -23.090 2.25 0.00
13.1 1.221 -0.534 0.000 0.000 0.00 6.792 2.25 35.571 36.035 2.25 0.00
