#REFERENCE 3 47.2332780 26.7604950
   #ID       X         Y         R       EPS       TAU       AMP       DMAG  TIME[days]  DTIME    PARITY
   1.3    -1.722    -0.174     1.731     0.994     8.953     0.593     -0.57  -27884.1       0.0    --
   1.3   -18.664    -0.086    18.664     0.835     1.520     4.756      1.69  -29247.4   -1363.3    +-
   1.3    35.320    19.760    40.472     0.000     0.000     5.504      1.85  -53381.8  -25497.7    ++
   1.2    36.944    20.016    42.017     0.988     6.344     4.941      1.73  -56027.7  -28143.6    ++
   1.2   -14.399    -1.194    14.448     0.533     0.630     6.450      2.02  -27461.9     422.2    +-
   1.2    -4.404    -0.565     4.440     0.000     0.000     1.789      0.63  -27137.7     746.4    --
   1.1    36.485    19.331    41.290     0.944     2.853     5.203      1.79  -54846.7  -26962.6    ++
   1.1    -3.248    -0.304     3.262     0.654     0.864     1.147      0.15  -27465.1     419.0    --
   1.1   -16.050    -0.706    16.065     0.000     0.000     5.345      1.82  -28122.3    -238.2    +-
 10.1b    31.534    30.145    43.624     0.966     3.720     6.532      2.04  -53421.8       0.0    ++
 10.1b    -0.044    -0.011     0.045     0.890     1.953     0.001     -8.18  -28750.6   24671.1    --
 10.1b   -27.017     2.974    27.180     0.000     0.000     5.239      1.80  -35748.3   17673.5    +-
 10.1a   -27.499     1.669    27.550     0.960     3.410     5.374      1.83  -35999.5   17422.3    +-
 10.1a    -0.042    -0.018     0.045     0.945     2.885     0.001     -8.19  -28758.5   24663.3    --
 10.1a    30.527    31.526    43.883     0.000     0.000     5.749      1.90  -53848.0    -426.2    ++
   B4b    -0.136    -0.431     0.452     0.996    11.787     0.051     -3.23  -28308.2       0.0    --
   B4b    -9.362   -28.339    29.845     0.414     0.455     6.818      2.08  -34883.6   -6575.4    +-
   B4b    22.228    42.512    47.973     0.000     0.000     4.633      1.66  -60331.2  -32023.0    ++
   B4a    21.506    42.818    47.916     0.297     0.311     4.655      1.67  -60236.9  -31928.7    ++
   B4a    -8.531   -28.642    29.885     0.000     0.000     7.856      2.24  -34898.1   -6589.9    +-
   B3b    -0.093    -0.320     0.333     0.996    11.547     0.029     -3.85  -28378.4       0.0    --
   B3b    -9.057   -28.833    30.222     0.378     0.408     6.722      2.07  -35309.3   -6930.9    +-
   B3b    21.826    42.394    47.682     0.000     0.000     4.739      1.69  -59782.0  -31403.6    ++
   B3a    -0.080    -0.311     0.321     0.995    10.179     0.027     -3.92  -28391.1     -12.7    --
   B3a    21.260    42.595    47.606     0.236     0.243     4.771      1.70  -59649.8  -31271.4    ++
   B3a    -8.435   -29.135    30.331     0.000     0.000     8.636      2.34  -35368.7   -6990.4    +-
   B2b    -0.177    -0.637     0.661     0.996    10.823     0.092     -2.59  -28221.0       0.0    --
   B2b    -8.294   -28.195    29.390     0.301     0.315     8.087      2.27  -34341.5   -6120.5    +-
   B2b    21.492    43.211    48.260     0.000     0.000     4.537      1.64  -60901.7  -32680.7    ++
   B2a    -0.148    -0.607     0.625     0.997    12.115     0.085     -2.67  -28241.8     -20.8    --
   B2a    20.863    43.398    48.153     0.317     0.334     4.585      1.65  -60714.4  -32493.4    ++
   B2a    -7.432   -28.584    29.534     0.000     0.000    10.832      2.59  -34435.4   -6214.5    +-
   B1b    -0.161    -0.445     0.474     0.996    11.820     0.055     -3.14  -28290.0       0.0    --
   B1b   -10.271   -28.015    29.838     0.504     0.583     7.754      2.22  -34810.4   -6520.4    +-
   B1b    23.002    42.199    48.061     0.000     0.000     4.606      1.66  -60493.1  -32203.1    ++
   B1a    -0.142    -0.464     0.486     0.995     9.526     0.057     -3.10  -28293.4      -3.4    --
   B1a    22.049    42.661    48.022     0.383     0.415     4.615      1.66  -60429.9  -32139.9    ++
   B1a    -9.129   -28.325    29.760     0.000     0.000     6.987      2.11  -34785.5   -6495.5    +-
   I2c    32.548    23.018    39.865     0.989     6.783    11.483      2.65  -47171.3       0.0    ++
   I2c    -6.063   -40.666    41.115     0.988     6.343     9.470      2.44  -48767.3   -1596.0    ++
   I2c    30.573    25.911    40.077     0.982     5.211    11.705      2.67  -47160.0      11.2    ++
   I2c    31.001    24.868    39.743     0.920     2.344     3.850      1.46  -47156.9      14.4    +-
   I2c    -0.006     0.030     0.031     0.821     1.437     0.000     -8.83  -28949.1   18222.2    --
   I2c    32.444   -13.504    35.142     0.736     1.086    11.041      2.61  -45785.9    1385.4    +-
   I2c   -24.468    15.995    29.232     0.000     0.000     6.158      1.97  -38082.7    9088.6    +-
   I2b    -8.342   -40.739    41.584     0.999    19.924     8.968      2.38  -49040.1   -1868.9    ++
   I2b    29.602    26.438    39.690     0.998    15.449    10.369      2.54  -46539.4     631.9    ++
   I2b    -0.002     0.031     0.031     0.961     3.489     0.000     -8.83  -28967.3   18203.9    --
   I2b   -24.266    17.073    29.670     0.838     1.536     6.481      2.03  -38507.4    8663.9    +-
   I2b    32.916   -11.542    34.881     0.000     0.000    13.847      2.85  -45230.8    1940.4    +-
   I2a    32.904   -11.504    34.857     0.999    19.922    13.830      2.85  -45192.3    1979.0    +-
   I2a    29.521    26.518    39.683     0.989     6.754    10.242      2.53  -46516.5     654.7    ++
   I2a   -24.276    17.110    29.700     0.989     6.707     6.501      2.03  -38541.7    8629.6    +-
   I2a    -0.001     0.031     0.031     0.964     3.604     0.000     -8.84  -28969.1   18202.1    --
   I2a    -8.476   -40.727    41.600     0.000     0.000     8.967      2.38  -49038.5   -1867.3    ++
   I1c    -3.326   -40.438    40.575     0.989     6.831    11.561      2.66  -48571.7       0.0    ++
   I1c    33.463    22.313    40.220     0.986     6.020    10.102      2.51  -47846.6     725.0    ++
   I1c    -0.012     0.030     0.032     0.843     1.564     0.000     -8.76  -28919.3   19652.4    --
   I1c    32.130   -15.058    35.483     0.581     0.713     8.163      2.28  -46382.4    2189.3    +-
   I1c   -24.568    14.962    28.765     0.000     0.000     6.029      1.95  -37585.3   10986.3    +-
   I1b    -5.744   -40.626    41.030     0.998    14.969     9.616      2.46  -48704.4    -132.8    ++
   I1b    32.624    23.033    39.936     0.997    12.852    11.308      2.63  -47277.1    1294.6    ++
   I1b    30.680    25.916    40.161     0.995    10.474    11.815      2.68  -47264.3    1307.3    ++
   I1b    31.373    25.002    40.117     0.974     4.326     0.012     -4.77  -47259.6    1312.0    --
   I1b    -0.007     0.030     0.030     0.954     3.169     0.000     -8.84  -28947.6   19624.1    --
   I1b   -24.527    15.811    29.181     0.702     0.986     6.135      1.97  -38038.4   10533.3    +-
   I1b    32.334   -13.838    35.171     0.000     0.000    10.344      2.54  -45849.2    2722.5    +-
   I1a    32.525   -13.401    35.178     0.998    16.268    11.344      2.64  -45831.9    2739.8    +-
   I1a    32.662    22.822    39.845     0.996    10.613    11.156      2.62  -47171.6    1400.0    ++
   I1a    30.687    25.749    40.058     0.989     6.741    12.946      2.78  -47154.9    1416.8    ++
   I1a   -24.411    16.020    29.198     0.988     6.286     6.152      1.97  -38033.9   10537.8    +-
   I1a    30.978    24.944    39.772     0.971     4.036     4.529      1.64  -47153.2    1418.5    +-
   I1a    -0.007     0.031     0.031     0.965     3.681     0.000     -8.81  -28945.2   19626.4    --
   I1a    -5.940   -40.694    41.126     0.000     0.000     9.465      2.44  -48808.7    -237.0    ++
   3.2   -11.605    44.783    46.263     0.919     2.328     5.548      1.86  -60233.4       0.0    ++
   3.2     2.758    -2.614     3.800     0.674     0.912     0.520     -0.71  -26929.9   33303.5    --
   3.2    15.612   -14.620    21.389     0.000     0.000     3.607      1.39  -28742.7   31490.7    +-
   3.1     3.109    -2.468     3.969     0.984     5.544     0.515     -0.72  -26807.8   33425.6    --
   3.1    16.035   -13.338    20.857     0.956     3.267     3.410      1.33  -28427.4   31806.0    +-
   3.1   -15.317    42.973    45.621     0.000     0.000     6.236      1.99  -59648.8     584.6    ++
   K2b    -0.616     8.728     8.750     0.981     5.104     1.659      0.55  -23608.9       0.0    --
   K2b    -3.810    20.822    21.168     0.877     1.829     5.435      1.84  -24176.1    -567.3    +-
   K2b   -11.488   -59.278    60.381     0.000     0.000     3.767      1.44  -77989.8  -54380.9    ++
   K2a   -10.077   -59.215    60.066     0.906     2.137     4.049      1.52  -77685.5  -54076.6    ++
   K2a    -0.906     8.753     8.800     0.705     0.993     1.672      0.56  -23601.7       7.1    --
   K2a    -4.449    20.311    20.793     0.000     0.000     5.219      1.79  -24115.7    -506.8    +-
   K1b    -0.383     7.694     7.704     0.983     5.388     1.416      0.38  -24047.5       0.0    --
   K1b    -3.984    22.023    22.381     0.825     1.457     5.400      1.83  -24921.1    -873.7    +-
   K1b   -12.234   -58.802    60.062     0.000     0.000     3.805      1.45  -77187.9  -53140.4    ++
   K1a   -10.857   -58.760    59.755     0.854     1.641     4.008      1.51  -76861.4  -52814.0    ++
   K1a    -0.635     7.709     7.735     0.821     1.439     1.429      0.39  -24056.8      -9.3    --
   K1a    -4.706    21.535    22.043     0.000     0.000     5.178      1.79  -24878.0    -830.5    +-
   8.3    38.055    22.653    44.287     0.990     6.859    11.422      2.64  -50702.9       0.0    ++
   8.3    -8.172   -47.035    47.740     0.982     5.175     7.579      2.20  -54922.6   -4219.6    ++
   8.3    38.501   -10.478    39.902     0.903     2.107    13.111      2.79  -49938.7     764.2    +-
   8.3    -0.012     0.051     0.053     0.830     1.488     0.001     -8.21  -28805.7   21897.2    --
   8.3   -26.239    18.493    32.101     0.000     0.000     5.240      1.80  -39011.8   11691.1    +-
   8.2    -9.712   -47.458    48.442     1.000    39.538     7.090      2.13  -55898.7   -5195.8    ++
   8.2    38.437    20.289    43.463     0.999    24.710    13.047      2.79  -49720.1     982.8    ++
   8.2   -25.302    20.243    32.404     0.986     5.858     5.873      1.92  -38992.4   11710.5    +-
   8.2    -0.008     0.065     0.065     0.985     5.729     0.001     -7.82  -28773.3   21929.6    --
   8.2    40.020    -4.633    40.287     0.000     0.000    24.226      3.46  -49485.9    1217.0    +-
   8.1    40.489    13.792    42.774     1.000    34.299    31.146      3.73  -49631.7    1071.3    ++
   8.1    41.035    11.778    42.692     0.999    20.186    17.878      3.13  -49629.7    1073.3    +-
   8.1    -0.014     0.091     0.092     0.987     6.201     0.002     -7.05  -28671.1   22031.9    --
   8.1   -24.149    20.891    31.932     0.977     4.607     5.633      1.88  -38139.8   12563.1    +-
   8.1    -8.409   -48.146    48.875     0.000     0.000     6.877      2.09  -56831.7   -6128.8    ++
  7.2d    38.944    -7.703    39.699     0.998    18.092    13.087      2.79  -49155.6       0.0    +-
  7.2d   -10.709   -47.064    48.267     0.997    13.379     7.257      2.15  -55419.9   -6264.3    ++
  7.2d   -25.978    19.903    32.726     0.994     9.336     6.171      1.98  -39525.3    9630.4    +-
  7.2d    -0.005     0.054     0.054     0.936     2.661     0.001     -8.18  -28827.3   20328.3    --
  7.2d    37.226    23.170    43.848     0.000     0.000    12.547      2.75  -49780.3    -624.6    ++
  7.2c    -4.200   -46.155    46.346     0.989     6.834    10.712      2.57  -53157.5   -4001.8    ++
  7.2c    37.424    26.300    45.741     0.989     6.813     9.671      2.46  -52618.2   -3462.6    ++
  7.2c    -0.018     0.034     0.039     0.844     1.571     0.000     -8.67  -28838.0   20317.7    --
  7.2c    35.238   -18.294    39.704     0.618     0.787     7.965      2.25  -50438.1   -1282.5    +-
  7.2c   -27.512    15.872    31.763     0.000     0.000     5.073      1.76  -38946.5   10209.1    +-
  7.2b    38.956   -10.193    40.268     0.999    26.440    14.090      2.87  -50478.3   -1322.7    +-
  7.2b    39.030    20.930    44.288     0.998    17.366    11.446      2.65  -51040.9   -1885.3    ++
  7.2b   -25.932    18.261    31.716     0.984     5.508     4.882      1.72  -38518.5   10637.2    +-
  7.2b    -0.017     0.057     0.059     0.984     5.489     0.001     -7.97  -28760.4   20395.3    --
  7.2b    -6.580   -47.232    47.688     0.000     0.000     9.162      2.41  -55096.7   -5941.1    ++
  7.2a    -5.849   -46.996    47.359     1.000    39.466    13.785      2.85  -54695.7   -5540.0    ++
  7.2a    38.776    22.051    44.607     0.999    18.301    10.854      2.59  -51392.1   -2236.4    ++
  7.2a    -0.018     0.051     0.054     0.984     5.598     0.001     -8.13  -28776.0   20379.7    --
  7.2a   -26.247    17.696    31.655     0.912     2.223     4.293      1.58  -38577.2   10578.5    +-
  7.2a    38.197   -12.366    40.149     0.000     0.000    13.425      2.82  -50556.2   -1400.6    +-
   6.3    28.687   -42.793    51.519     0.994     8.931     7.231      2.15  -68718.3       0.0    ++
   6.3    -6.163     4.937     7.897     0.514     0.600     1.850      0.67  -24412.8   44305.6    --
   6.3   -13.555    10.073    16.888     0.000     0.000     3.705      1.42  -24636.3   44082.0    +-
   6.2    27.543   -43.678    51.637     0.998    14.607     7.069      2.12  -68672.4      45.9    ++
   6.2   -13.727    10.455    17.255     0.541     0.643     3.534      1.37  -24790.8   43927.5    +-
   6.2    -5.844     4.838     7.587     0.000     0.000     1.669      0.56  -24513.6   44204.8    --
   6.1    -6.136     4.886     7.843     0.998    15.784     1.819      0.65  -24432.2   44286.1    --
   6.1   -13.625    10.063    16.939     0.994     8.896     3.689      1.42  -24663.1   44055.2    +-
   6.1    28.859   -42.606    51.460     0.000     0.000     7.277      2.15  -68654.5      63.8    ++
  12.2     0.238     2.023     2.037     0.973     4.189     0.170     -1.93  -27299.4       0.0    --
  12.2   -13.132    29.784    32.550     0.930     2.538     9.760      2.47  -34343.1   -7043.7    +-
  12.2   -16.551   -55.958    58.355     0.000     0.000     4.094      1.53  -70523.4  -43224.0    ++
  12.1     0.202     1.869     1.880     0.970     3.980     0.158     -2.00  -27399.5    -100.1    --
  12.1   -16.211   -55.737    58.047     0.937     2.693     4.175      1.55  -69950.7  -42651.3    ++
  12.1   -14.295    29.268    32.572     0.000     0.000     8.983      2.38  -34631.3   -7331.9    +-
   D1c    31.326   -42.027    52.418     0.998    15.101     8.357      2.31  -69539.8       0.0    ++
   D1c   -16.331    10.979    19.678     0.613     0.776     3.219      1.27  -25422.6   44117.3    +-
   D1c    -5.111     3.722     6.323     0.000     0.000     0.969     -0.03  -24747.2   44792.7    --
   D1b    -5.133     3.469     6.195     0.999    19.261     0.936     -0.07  -24813.0   44726.8    --
   D1b   -16.777    10.562    19.825     0.994     9.085     3.282      1.29  -25520.3   44019.5    +-
   D1b    34.211   -38.966    51.854     0.000     0.000    10.350      2.54  -69113.5     426.3    ++
   D1a    34.059   -39.364    52.053     0.994     9.206     9.901      2.49  -69440.9      98.9    ++
   D1a    -5.372     3.668     6.505     0.612     0.774     1.029      0.03  -24672.2   44867.6    --
   D1a   -16.397    10.433    19.434     0.000     0.000     3.287      1.29  -25281.5   44258.3    +-
  13.2    34.881   -22.370    41.438     0.995    10.027     5.309      1.81  -51249.1       0.0    +-
  13.2   -32.735    12.965    35.209     0.994     8.838     4.940      1.73  -42011.9    9237.2    +-
  13.2    35.575    36.136    50.709     0.987     6.088     6.227      1.99  -57602.3   -6353.2    ++
  13.2    -0.013     0.013     0.018     0.950     3.041     0.000     -9.57  -28955.2   22294.0    --
  13.2    -9.647   -48.157    49.114     0.000     0.000     9.494      2.44  -53802.0   -2552.8    ++
  13.1   -10.328   -47.756    48.860     0.997    12.060     9.773      2.48  -53251.8   -2002.7    ++
  13.1    34.840    37.160    50.938     0.995    10.052     6.065      1.96  -57960.1   -6711.0    ++
  13.1    -0.012     0.009     0.015     0.922     2.377     0.000     -9.66  -28973.2   22275.9    --
  13.1   -33.236    12.149    35.387     0.743     1.111     4.970      1.74  -42300.1    8949.0    +-
  13.1    34.153   -23.090    41.226     0.000     0.000     6.291      2.00  -50864.0     385.1    +-
