#REFERENCE 0 47.2332780 26.7604950
1 47.2332571 26.7606495 0.0000 0.0000 37.72 0.00
1 47.233257 26.760649 0.0000 0.0000 37.72 0.00
1 47.2332571 26.7606495 0.0000 0.0000 37.72 0.00
1 47.2332571 26.7606495 8.0372 7.2568 37.72 2108.88
2 47.2332780 26.7604950 0.0000 0.0000 67.50 0.00
2 47.233278 26.760495 0.0000 0.0000 67.50 0.00
2 47.2332780 26.7604950 0.0000 0.0000 67.50 0.00
2 47.2332780 26.7604950 2.9216 2.4012 67.50 68.50
3 47.2332780 26.7604950 0.0000 0.0000 57.72 0.00
3 47.233278 26.760495 0.0000 0.0000 57.72 0.00
3 47.2332780 26.7604950 0.0000 0.0000 57.72 0.00
3 47.2332780 26.7604950 0.0000 0.0000 57.72 0.00
4 47.2327520 26.7483817 0.0000 0.0000 21.10 0.00
4 47.232752 26.748382 0.0000 0.0000 21.10 0.00
4 47.2327520 26.7483817 0.0000 0.0000 21.10 0.00
4 47.2327520 26.7483817 0.8781 0.7975 21.10 4.08
5 47.2364870 26.7518727 0.0000 0.0000 53.69 0.00
5 47.236487 26.751873 0.0000 0.0000 53.69 0.00
5 47.2364870 26.7518727 0.0000 0.0000 53.69 0.00
5 47.2364870 26.7518727 0.8671 0.8044 53.69 4.07
6 47.2395940 26.7671047 0.0000 0.0000 -75.49 0.00
6 47.239594 26.767105 0.0000 0.0000 -75.49 0.00
6 47.2395940 26.7671047 0.0000 0.0000 -75.49 0.00
6 47.2395940 26.7671047 0.8514 0.7750 -75.49 3.63
7 47.2507340 26.7633727 0.0000 0.0000 79.34 0.00
7 47.250734 26.763373 0.0000 0.0000 79.34 0.00
7 47.2507340 26.7633727 0.0000 0.0000 79.34 0.00
7 47.2507340 26.7633727 0.8555 0.7706 79.34 3.61
8 47.2210330 26.7540187 0.0000 0.0000 51.76 0.00
8 47.221033 26.754019 0.0000 0.0000 51.76 0.00
8 47.2210330 26.7540187 0.0000 0.0000 51.76 0.00
8 47.2210330 26.7540187 0.9584 0.6797 51.76 3.18
9 47.2330290 26.7612647 0.0000 0.0000 -24.00 0.00
9 47.233029 26.761265 0.0000 0.0000 -24.00 0.00
9 47.2330290 26.7612647 0.0000 0.0000 -24.00 0.00
9 47.2330290 26.7612647 0.9717 0.6608 -24.00 3.00
10 47.2285260 26.7761577 0.0000 0.0000 29.02 0.00
10 47.228526 26.776158 0.0000 0.0000 29.02 0.00
10 47.2285260 26.7761577 0.0000 0.0000 29.02 0.00
10 47.2285260 26.7761577 0.8799 0.6922 29.02 2.95
11 47.2187970 26.7458307 0.0000 0.0000 -57.05 0.00
11 47.218797 26.745831 0.0000 0.0000 -57.05 0.00
11 47.2187970 26.7458307 0.0000 0.0000 -57.05 0.00
11 47.2187970 26.7458307 1.0086 0.6197 -57.05 2.61
12 47.2319430 26.7532627 0.0000 0.0000 54.82 0.00
12 47.231943 26.753263 0.0000 0.0000 54.82 0.00
12 47.2319430 26.7532627 0.0000 0.0000 54.82 0.00
12 47.2319430 26.7532627 1.0567 0.6078 54.82 2.59
13 47.2462320 26.7686757 0.0000 0.0000 -89.97 0.00
13 47.246232 26.768676 0.0000 0.0000 -89.97 0.00
13 47.2462320 26.7686757 0.0000 0.0000 -89.97 0.00
13 47.2462320 26.7686757 0.9991 0.5862 -89.97 2.20
14 47.2332130 26.7632447 0.0000 0.0000 -48.01 0.00
14 47.233213 26.763245 0.0000 0.0000 -48.01 0.00
14 47.2332130 26.7632447 0.0000 0.0000 -48.01 0.00
14 47.2332130 26.7632447 1.3305 0.5370 -48.01 2.07
15 47.2318400 26.7601627 0.0000 0.0000 54.50 0.00
15 47.231840 26.760163 0.0000 0.0000 54.50 0.00
15 47.2318400 26.7601627 0.0000 0.0000 54.50 0.00
15 47.2318400 26.7601627 0.7601 0.6543 54.50 2.03
16 47.2296670 26.7423437 0.0000 0.0000 -60.92 0.00
16 47.229667 26.742344 0.0000 0.0000 -60.92 0.00
16 47.2296670 26.7423437 0.0000 0.0000 -60.92 0.00
16 47.2296670 26.7423437 0.9389 0.5694 -60.92 1.89
17 47.2176360 26.7496737 0.0000 0.0000 -81.44 0.00
17 47.217636 26.749674 0.0000 0.0000 -81.44 0.00
17 47.2176360 26.7496737 0.0000 0.0000 -81.44 0.00
17 47.2176360 26.7496737 0.7211 0.6393 -81.44 1.76
18 47.2242210 26.7598397 0.0000 0.0000 -55.53 0.00
18 47.224221 26.759840 0.0000 0.0000 -55.53 0.00
18 47.2242210 26.7598397 0.0000 0.0000 -55.53 0.00
18 47.2242210 26.7598397 0.6908 0.6443 -55.53 1.66
19 47.2316730 26.7661627 0.0000 0.0000 65.22 0.00
19 47.231673 26.766163 0.0000 0.0000 65.22 0.00
19 47.2316730 26.7661627 0.0000 0.0000 65.22 0.00
19 47.2316730 26.7661627 0.8635 0.5435 65.22 1.51
20 47.2322560 26.7602297 0.0000 0.0000 48.10 0.00
20 47.232256 26.760230 0.0000 0.0000 48.10 0.00
20 47.2322560 26.7602297 0.0000 0.0000 48.10 0.00
20 47.2322560 26.7602297 0.8025 0.5583 48.10 1.48
21 47.2246650 26.7561787 0.0000 0.0000 0.10 0.00
21 47.224665 26.756179 0.0000 0.0000 0.10 0.00
21 47.2246650 26.7561787 0.0000 0.0000 0.10 0.00
21 47.2246650 26.7561787 0.7655 0.5639 0.10 1.43
22 47.2474890 26.7650177 0.0000 0.0000 61.60 0.00
22 47.247489 26.765018 0.0000 0.0000 61.60 0.00
22 47.2474890 26.7650177 0.0000 0.0000 61.60 0.00
22 47.2474890 26.7650177 0.6706 0.6065 61.60 1.38
23 47.2342020 26.7433887 0.0000 0.0000 -15.51 0.00
23 47.234202 26.743389 0.0000 0.0000 -15.51 0.00
23 47.2342020 26.7433887 0.0000 0.0000 -15.51 0.00
23 47.2342020 26.7433887 1.0681 0.4950 -15.51 1.37
24 47.2387620 26.7497627 0.0000 0.0000 -13.23 0.00
24 47.238762 26.749763 0.0000 0.0000 -13.23 0.00
24 47.2387620 26.7497627 0.0000 0.0000 -13.23 0.00
24 47.2387620 26.7497627 0.7039 0.5769 -13.23 1.33
25 47.2344670 26.7610547 0.0000 0.0000 -28.34 0.00
25 47.234467 26.761055 0.0000 0.0000 -28.34 0.00
25 47.2344670 26.7610547 0.0000 0.0000 -28.34 0.00
25 47.2344670 26.7610547 0.9240 0.5077 -28.34 1.32
26 47.2179860 26.7459147 0.0000 0.0000 -52.81 0.00
26 47.217986 26.745915 0.0000 0.0000 -52.81 0.00
26 47.2179860 26.7459147 0.0000 0.0000 -52.81 0.00
26 47.2179860 26.7459147 0.8920 0.5103 -52.81 1.29
27 47.2490720 26.7628757 0.0000 0.0000 -33.73 0.00
27 47.249072 26.762876 0.0000 0.0000 -33.73 0.00
27 47.2490720 26.7628757 0.0000 0.0000 -33.73 0.00
27 47.2490720 26.7628757 0.7182 0.5600 -33.73 1.28
28 47.2323440 26.7593077 0.0000 0.0000 13.56 0.00
28 47.232344 26.759308 0.0000 0.0000 13.56 0.00
28 47.2323440 26.7593077 0.0000 0.0000 13.56 0.00
28 47.2323440 26.7593077 0.6407 0.6086 13.56 1.28
29 47.2483200 26.7648967 0.0000 0.0000 -68.76 0.00
29 47.248320 26.764897 0.0000 0.0000 -68.76 0.00
29 47.2483200 26.7648967 0.0000 0.0000 -68.76 0.00
29 47.2483200 26.7648967 0.7021 0.5619 -68.76 1.25
30 47.2386180 26.7519047 0.0000 0.0000 6.06 0.00
30 47.238618 26.751905 0.0000 0.0000 6.06 0.00
30 47.2386180 26.7519047 0.0000 0.0000 6.06 0.00
30 47.2386180 26.7519047 0.6461 0.5826 6.06 1.18
31 47.2452430 26.7513857 0.0000 0.0000 -89.93 0.00
31 47.245243 26.751386 0.0000 0.0000 -89.93 0.00
31 47.2452430 26.7513857 0.0000 0.0000 -89.93 0.00
31 47.2452430 26.7513857 0.7235 0.5390 -89.93 1.17
32 47.2336730 26.7687647 0.0000 0.0000 -63.44 0.00
32 47.233673 26.768765 0.0000 0.0000 -63.44 0.00
32 47.2336730 26.7687647 0.0000 0.0000 -63.44 0.00
32 47.2336730 26.7687647 0.7049 0.5391 -63.44 1.13
33 47.2493160 26.7670147 0.0000 0.0000 -57.61 0.00
33 47.249316 26.767015 0.0000 0.0000 -57.61 0.00
33 47.2493160 26.7670147 0.0000 0.0000 -57.61 0.00
33 47.2493160 26.7670147 0.6982 0.5353 -57.61 1.10
34 47.2208170 26.7632867 0.0000 0.0000 42.46 0.00
34 47.220817 26.763287 0.0000 0.0000 42.46 0.00
34 47.2208170 26.7632867 0.0000 0.0000 42.46 0.00
34 47.2208170 26.7632867 0.6966 0.5203 42.46 1.02
35 47.2383410 26.7593757 0.0000 0.0000 -8.31 0.00
35 47.238341 26.759376 0.0000 0.0000 -8.31 0.00
35 47.2383410 26.7593757 0.0000 0.0000 -8.31 0.00
35 47.2383410 26.7593757 0.9503 0.4627 -8.31 1.01
36 47.2249850 26.7623007 0.0000 0.0000 84.72 0.00
36 47.224985 26.762301 0.0000 0.0000 84.72 0.00
36 47.2249850 26.7623007 0.0000 0.0000 84.72 0.00
36 47.2249850 26.7623007 0.9161 0.4668 84.72 1.01
37 47.2370390 26.7453597 0.0000 0.0000 -3.07 0.00
37 47.237039 26.745360 0.0000 0.0000 -3.07 0.00
37 47.2370390 26.7453597 0.0000 0.0000 -3.07 0.00
37 47.2370390 26.7453597 0.5976 0.5460 -3.07 0.89
38 47.2311520 26.7567717 0.0000 0.0000 85.14 0.00
38 47.231152 26.756772 0.0000 0.0000 85.14 0.00
38 47.2311520 26.7567717 0.0000 0.0000 85.14 0.00
38 47.2311520 26.7567717 0.5805 0.5513 85.14 0.86
39 47.2507740 26.7564157 0.0000 0.0000 -37.75 0.00
39 47.250774 26.756416 0.0000 0.0000 -37.75 0.00
39 47.2507740 26.7564157 0.0000 0.0000 -37.75 0.00
39 47.2507740 26.7564157 0.6684 0.4983 -37.75 0.86
40 47.2424630 26.7749997 0.0000 0.0000 15.08 0.00
40 47.242463 26.775000 0.0000 0.0000 15.08 0.00
40 47.2424630 26.7749997 0.0000 0.0000 15.08 0.00
40 47.2424630 26.7749997 0.5832 0.5441 15.08 0.84
41 47.2271880 26.7555497 0.0000 0.0000 -30.95 0.00
41 47.227188 26.755550 0.0000 0.0000 -30.95 0.00
41 47.2271880 26.7555497 0.0000 0.0000 -30.95 0.00
41 47.2271880 26.7555497 0.5991 0.5284 -30.95 0.83
42 47.2314370 26.7607077 0.0000 0.0000 -18.89 0.00
42 47.231437 26.760708 0.0000 0.0000 -18.89 0.00
42 47.2314370 26.7607077 0.0000 0.0000 -18.89 0.00
42 47.2314370 26.7607077 0.7543 0.4637 -18.89 0.82
43 47.2514740 26.7525267 0.0000 0.0000 -53.02 0.00
43 47.251474 26.752527 0.0000 0.0000 -53.02 0.00
43 47.2514740 26.7525267 0.0000 0.0000 -53.02 0.00
43 47.2514740 26.7525267 0.6101 0.5130 -53.02 0.80
44 47.2553460 26.7564107 0.0000 0.0000 62.67 0.00
44 47.255346 26.756411 0.0000 0.0000 62.67 0.00
44 47.2553460 26.7564107 0.0000 0.0000 62.67 0.00
44 47.2553460 26.7564107 0.6026 0.5157 62.67 0.79
45 47.2321210 26.7717327 0.0000 0.0000 -74.99 0.00
45 47.232121 26.771733 0.0000 0.0000 -74.99 0.00
45 47.2321210 26.7717327 0.0000 0.0000 -74.99 0.00
45 47.2321210 26.7717327 0.5622 0.5375 -74.99 0.77
46 47.2235170 26.7674387 0.0000 0.0000 -15.94 0.00
46 47.223517 26.767439 0.0000 0.0000 -15.94 0.00
46 47.2235170 26.7674387 0.0000 0.0000 -15.94 0.00
46 47.2235170 26.7674387 0.5936 0.5128 -15.94 0.76
47 47.2163900 26.7560377 0.0000 0.0000 88.30 0.00
47 47.216390 26.756038 0.0000 0.0000 88.30 0.00
47 47.2163900 26.7560377 0.0000 0.0000 88.30 0.00
47 47.2163900 26.7560377 0.6701 0.4743 88.30 0.76
48 47.2314080 26.7585037 0.0000 0.0000 80.12 0.00
48 47.231408 26.758504 0.0000 0.0000 80.12 0.00
48 47.2314080 26.7585037 0.0000 0.0000 80.12 0.00
48 47.2314080 26.7585037 0.5906 0.5104 80.12 0.75
49 47.2351060 26.7640597 0.0000 0.0000 -67.26 0.00
49 47.235106 26.764060 0.0000 0.0000 -67.26 0.00
49 47.2351060 26.7640597 0.0000 0.0000 -67.26 0.00
49 47.2351060 26.7640597 0.7676 0.4456 -67.26 0.74
50 47.2445300 26.7612327 0.0000 0.0000 -28.40 0.00
50 47.244530 26.761233 0.0000 0.0000 -28.40 0.00
50 47.2445300 26.7612327 0.0000 0.0000 -28.40 0.00
50 47.2445300 26.7612327 0.6946 0.4607 -28.40 0.73
51 47.2547170 26.7600507 0.0000 0.0000 79.95 0.00
51 47.254717 26.760051 0.0000 0.0000 79.95 0.00
51 47.2547170 26.7600507 0.0000 0.0000 79.95 0.00
51 47.2547170 26.7600507 0.9219 0.4167 79.95 0.70
52 47.2329960 26.7608407 0.0000 0.0000 33.79 0.00
52 47.232996 26.760841 0.0000 0.0000 33.79 0.00
52 47.2329960 26.7608407 0.0000 0.0000 33.79 0.00
52 47.2329960 26.7608407 0.6801 0.4448 33.79 0.65
53 47.2329620 26.7607507 0.0000 0.0000 57.40 0.00
53 47.232962 26.760751 0.0000 0.0000 57.40 0.00
53 47.2329620 26.7607507 0.0000 0.0000 57.40 0.00
53 47.2329620 26.7607507 0.5754 0.4856 57.40 0.64
54 47.2299750 26.7697627 0.0000 0.0000 50.08 0.00
54 47.229975 26.769763 0.0000 0.0000 50.08 0.00
54 47.2299750 26.7697627 0.0000 0.0000 50.08 0.00
54 47.2299750 26.7697627 0.6256 0.4540 50.08 0.61
55 47.2284680 26.7417817 0.0000 0.0000 -52.71 0.00
55 47.228468 26.741782 0.0000 0.0000 -52.71 0.00
55 47.2284680 26.7417817 0.0000 0.0000 -52.71 0.00
55 47.2284680 26.7417817 0.6707 0.4372 -52.71 0.61
56 47.2341760 26.7589647 0.0000 0.0000 -24.18 0.00
56 47.234176 26.758965 0.0000 0.0000 -24.18 0.00
56 47.2341760 26.7589647 0.0000 0.0000 -24.18 0.00
56 47.2341760 26.7589647 0.5554 0.4857 -24.18 0.60
57 47.2384990 26.7647117 0.0000 0.0000 -62.38 0.00
57 47.238499 26.764712 0.0000 0.0000 -62.38 0.00
57 47.2384990 26.7647117 0.0000 0.0000 -62.38 0.00
57 47.2384990 26.7647117 0.6239 0.4503 -62.38 0.60
58 47.2385480 26.7602427 0.0000 0.0000 -60.66 0.00
58 47.238548 26.760243 0.0000 0.0000 -60.66 0.00
58 47.2385480 26.7602427 0.0000 0.0000 -60.66 0.00
58 47.2385480 26.7602427 0.6216 0.4398 -60.66 0.56
59 47.2390520 26.7464157 0.0000 0.0000 53.31 0.00
59 47.239052 26.746416 0.0000 0.0000 53.31 0.00
59 47.2390520 26.7464157 0.0000 0.0000 53.31 0.00
59 47.2390520 26.7464157 0.8026 0.3954 53.31 0.53
60 47.2128280 26.7544237 0.0000 0.0000 79.59 0.00
60 47.212828 26.754424 0.0000 0.0000 79.59 0.00
60 47.2128280 26.7544237 0.0000 0.0000 79.59 0.00
60 47.2128280 26.7544237 0.5290 0.4611 79.59 0.49
61 47.2340630 26.7591387 0.0000 0.0000 -34.62 0.00
61 47.234063 26.759139 0.0000 0.0000 -34.62 0.00
61 47.2340630 26.7591387 0.0000 0.0000 -34.62 0.00
61 47.2340630 26.7591387 0.5173 0.4629 -34.62 0.48
62 47.2224040 26.7550207 0.0000 0.0000 -42.33 0.00
62 47.222404 26.755021 0.0000 0.0000 -42.33 0.00
62 47.2224040 26.7550207 0.0000 0.0000 -42.33 0.00
62 47.2224040 26.7550207 0.5981 0.4217 -42.33 0.47
63 47.2235700 26.7668787 0.0000 0.0000 85.58 0.00
63 47.223570 26.766879 0.0000 0.0000 85.58 0.00
63 47.2235700 26.7668787 0.0000 0.0000 85.58 0.00
63 47.2235700 26.7668787 3.7817 0.3444 85.58 0.47
64 47.2378340 26.7507937 0.0000 0.0000 33.93 0.00
64 47.237834 26.750794 0.0000 0.0000 33.93 0.00
64 47.2378340 26.7507937 0.0000 0.0000 33.93 0.00
64 47.2378340 26.7507937 0.5292 0.4484 33.93 0.46
65 47.2434570 26.7492087 0.0000 0.0000 52.35 0.00
65 47.243457 26.749209 0.0000 0.0000 52.35 0.00
65 47.2434570 26.7492087 0.0000 0.0000 52.35 0.00
65 47.2434570 26.7492087 0.5813 0.4213 52.35 0.46
66 47.2315200 26.7605237 0.0000 0.0000 -53.40 0.00
66 47.231520 26.760524 0.0000 0.0000 -53.40 0.00
66 47.2315200 26.7605237 0.0000 0.0000 -53.40 0.00
66 47.2315200 26.7605237 0.5435 0.4363 -53.40 0.45
67 47.2276650 26.7686117 0.0000 0.0000 -16.59 0.00
67 47.227665 26.768612 0.0000 0.0000 -16.59 0.00
67 47.2276650 26.7686117 0.0000 0.0000 -16.59 0.00
67 47.2276650 26.7686117 0.5293 0.4371 -16.59 0.43
68 47.2368470 26.7689607 0.0000 0.0000 84.22 0.00
68 47.236847 26.768961 0.0000 0.0000 84.22 0.00
68 47.2368470 26.7689607 0.0000 0.0000 84.22 0.00
68 47.2368470 26.7689607 0.5292 0.4368 84.22 0.43
69 47.2497910 26.7596747 0.0000 0.0000 83.74 0.00
69 47.249791 26.759675 0.0000 0.0000 83.74 0.00
69 47.2497910 26.7596747 0.0000 0.0000 83.74 0.00
69 47.2497910 26.7596747 0.4988 0.4566 83.74 0.43
70 47.2391250 26.7656377 0.0000 0.0000 -68.25 0.00
70 47.239125 26.765638 0.0000 0.0000 -68.25 0.00
70 47.2391250 26.7656377 0.0000 0.0000 -68.25 0.00
70 47.2391250 26.7656377 0.4854 0.4478 -68.25 0.39
71 47.2210880 26.7634247 0.0000 0.0000 -80.97 0.00
71 47.221088 26.763425 0.0000 0.0000 -80.97 0.00
71 47.2210880 26.7634247 0.0000 0.0000 -80.97 0.00
71 47.2210880 26.7634247 0.5200 0.4250 -80.97 0.39
72 47.2285890 26.7570277 0.0000 0.0000 -68.62 0.00
72 47.228589 26.757028 0.0000 0.0000 -68.62 0.00
72 47.2285890 26.7570277 0.0000 0.0000 -68.62 0.00
72 47.2285890 26.7570277 0.4717 0.4521 -68.62 0.38
73 47.2195330 26.7570407 0.0000 0.0000 35.46 0.00
73 47.219533 26.757041 0.0000 0.0000 35.46 0.00
73 47.2195330 26.7570407 0.0000 0.0000 35.46 0.00
73 47.2195330 26.7570407 0.6487 0.3748 35.46 0.37
74 47.2491080 26.7599457 0.0000 0.0000 43.59 0.00
74 47.249108 26.759946 0.0000 0.0000 43.59 0.00
74 47.2491080 26.7599457 0.0000 0.0000 43.59 0.00
74 47.2491080 26.7599457 0.5213 0.4132 43.59 0.37
75 47.2232380 26.7447687 0.0000 0.0000 -42.47 0.00
75 47.223238 26.744769 0.0000 0.0000 -42.47 0.00
75 47.2232380 26.7447687 0.0000 0.0000 -42.47 0.00
75 47.2232380 26.7447687 0.6165 0.3768 -42.47 0.36
76 47.2237120 26.7731197 0.0000 0.0000 61.82 0.00
76 47.223712 26.773120 0.0000 0.0000 61.82 0.00
76 47.2237120 26.7731197 0.0000 0.0000 61.82 0.00
76 47.2237120 26.7731197 0.4578 0.4488 61.82 0.35
77 47.2380400 26.7593917 0.0000 0.0000 -58.49 0.00
77 47.238040 26.759392 0.0000 0.0000 -58.49 0.00
77 47.2380400 26.7593917 0.0000 0.0000 -58.49 0.00
77 47.2380400 26.7593917 0.5093 0.4054 -58.49 0.34
78 47.2419710 26.7654567 0.0000 0.0000 80.72 0.00
78 47.241971 26.765457 0.0000 0.0000 80.72 0.00
78 47.2419710 26.7654567 0.0000 0.0000 80.72 0.00
78 47.2419710 26.7654567 0.4990 0.4092 80.72 0.34
79 47.2285480 26.7714617 0.0000 0.0000 -44.42 0.00
79 47.228548 26.771462 0.0000 0.0000 -44.42 0.00
79 47.2285480 26.7714617 0.0000 0.0000 -44.42 0.00
79 47.2285480 26.7714617 0.5372 0.3778 -44.42 0.31
80 47.2158440 26.7491717 0.0000 0.0000 29.39 0.00
80 47.215844 26.749172 0.0000 0.0000 29.39 0.00
80 47.2158440 26.7491717 0.0000 0.0000 29.39 0.00
80 47.2158440 26.7491717 0.7293 0.3400 29.39 0.30
81 47.2419950 26.7677497 0.0000 0.0000 -83.99 0.00
81 47.241995 26.767750 0.0000 0.0000 -83.99 0.00
81 47.2419950 26.7677497 0.0000 0.0000 -83.99 0.00
81 47.2419950 26.7677497 0.4925 0.3949 -83.99 0.30
82 47.2325230 26.7605927 0.0000 0.0000 -0.54 0.00
82 47.232523 26.760593 0.0000 0.0000 -0.54 0.00
82 47.2325230 26.7605927 0.0000 0.0000 -0.54 0.00
82 47.2325230 26.7605927 0.6257 0.3490 -0.54 0.29
83 47.2355290 26.7586977 0.0000 0.0000 72.04 0.00
83 47.235529 26.758698 0.0000 0.0000 72.04 0.00
83 47.2355290 26.7586977 0.0000 0.0000 72.04 0.00
83 47.2355290 26.7586977 0.4452 0.4172 72.04 0.29
84 47.2167020 26.7507977 0.0000 0.0000 -72.10 0.00
84 47.216702 26.750798 0.0000 0.0000 -72.10 0.00
84 47.2167020 26.7507977 0.0000 0.0000 -72.10 0.00
84 47.2167020 26.7507977 0.4807 0.3880 -72.10 0.28
85 47.2169380 26.7537827 0.0000 0.0000 -51.94 0.00
85 47.216938 26.753783 0.0000 0.0000 -51.94 0.00
85 47.2169380 26.7537827 0.0000 0.0000 -51.94 0.00
85 47.2169380 26.7537827 0.4807 0.3879 -51.94 0.28
86 47.2321870 26.7666217 0.0000 0.0000 89.40 0.00
86 47.232187 26.766622 0.0000 0.0000 89.40 0.00
86 47.2321870 26.7666217 0.0000 0.0000 89.40 0.00
86 47.2321870 26.7666217 0.4843 0.3846 89.40 0.28
87 47.2421040 26.7557647 0.0000 0.0000 -79.80 0.00
87 47.242104 26.755765 0.0000 0.0000 -79.80 0.00
87 47.2421040 26.7557647 0.0000 0.0000 -79.80 0.00
87 47.2421040 26.7557647 0.4245 0.4104 -79.80 0.25
88 47.2472760 26.7591897 0.0000 0.0000 74.43 0.00
88 47.247276 26.759190 0.0000 0.0000 74.43 0.00
88 47.2472760 26.7591897 0.0000 0.0000 74.43 0.00
88 47.2472760 26.7591897 0.5231 0.3555 74.43 0.25
89 47.2471090 26.7536447 0.0000 0.0000 -13.00 0.00
89 47.247109 26.753645 0.0000 0.0000 -13.00 0.00
89 47.2471090 26.7536447 0.0000 0.0000 -13.00 0.00
89 47.2471090 26.7536447 0.5398 0.3470 -13.00 0.24
90 47.2324860 26.7661817 0.0000 0.0000 -64.63 0.00
90 47.232486 26.766182 0.0000 0.0000 -64.63 0.00
90 47.2324860 26.7661817 0.0000 0.0000 -64.63 0.00
90 47.2324860 26.7661817 0.4125 0.4040 -64.63 0.23
91 47.2352660 26.7799317 0.0000 0.0000 61.86 0.00
91 47.235266 26.779932 0.0000 0.0000 61.86 0.00
91 47.2352660 26.7799317 0.0000 0.0000 61.86 0.00
91 47.2352660 26.7799317 0.6063 0.3278 61.86 0.23
92 47.2446230 26.7624857 0.0000 0.0000 79.53 0.00
92 47.244623 26.762486 0.0000 0.0000 79.53 0.00
92 47.2446230 26.7624857 0.0000 0.0000 79.53 0.00
92 47.2446230 26.7624857 0.4979 0.3531 79.53 0.23
93 47.2516870 26.7516127 0.0000 0.0000 -71.99 0.00
93 47.251687 26.751613 0.0000 0.0000 -71.99 0.00
93 47.2516870 26.7516127 0.0000 0.0000 -71.99 0.00
93 47.2516870 26.7516127 0.5556 0.3322 -71.99 0.22
94 47.2524940 26.7524797 0.0000 0.0000 -87.50 0.00
94 47.252494 26.752480 0.0000 0.0000 -87.50 0.00
94 47.2524940 26.7524797 0.0000 0.0000 -87.50 0.00
94 47.2524940 26.7524797 0.4549 0.3639 -87.50 0.22
95 47.2312530 26.7523827 0.0000 0.0000 -3.26 0.00
95 47.231253 26.752383 0.0000 0.0000 -3.26 0.00
95 47.2312530 26.7523827 0.0000 0.0000 -3.26 0.00
95 47.2312530 26.7523827 0.4150 0.3798 -3.26 0.21
96 47.2305660 26.7485997 0.0000 0.0000 52.08 0.00
96 47.230566 26.748600 0.0000 0.0000 52.08 0.00
96 47.2305660 26.7485997 0.0000 0.0000 52.08 0.00
96 47.2305660 26.7485997 0.5755 0.3164 52.08 0.20
97 47.2362200 26.7434887 0.0000 0.0000 15.93 0.00
97 47.236220 26.743489 0.0000 0.0000 15.93 0.00
97 47.2362200 26.7434887 0.0000 0.0000 15.93 0.00
97 47.2362200 26.7434887 0.5590 0.3150 15.93 0.19
98 47.2270850 26.7484167 0.0000 0.0000 -17.39 0.00
98 47.227085 26.748417 0.0000 0.0000 -17.39 0.00
98 47.2270850 26.7484167 0.0000 0.0000 -17.39 0.00
98 47.2270850 26.7484167 0.6173 0.3056 -17.39 0.19
99 47.2293040 26.7565627 0.0000 0.0000 42.42 0.00
99 47.229304 26.756563 0.0000 0.0000 42.42 0.00
99 47.2293040 26.7565627 0.0000 0.0000 42.42 0.00
99 47.2293040 26.7565627 0.4222 0.3594 42.42 0.19
100 47.2354270 26.7631017 0.0000 0.0000 -53.03 0.00
100 47.235427 26.763102 0.0000 0.0000 -53.03 0.00
100 47.2354270 26.7631017 0.0000 0.0000 -53.03 0.00
100 47.2354270 26.7631017 0.4609 0.3388 -53.03 0.19
101 47.2278660 26.7634837 0.0000 0.0000 79.00 0.00
101 47.227866 26.763484 0.0000 0.0000 79.00 0.00
101 47.2278660 26.7634837 0.0000 0.0000 79.00 0.00
101 47.2278660 26.7634837 0.6081 0.3025 79.00 0.18
102 47.2505340 26.7629297 0.0000 0.0000 77.16 0.00
102 47.250534 26.762930 0.0000 0.0000 77.16 0.00
102 47.2505340 26.7629297 0.0000 0.0000 77.16 0.00
102 47.2505340 26.7629297 0.6396 0.2958 77.16 0.17
103 47.2350200 26.7471197 0.0000 0.0000 41.47 0.00
103 47.235020 26.747120 0.0000 0.0000 41.47 0.00
103 47.2350200 26.7471197 0.0000 0.0000 41.47 0.00
103 47.2350200 26.7471197 0.4414 0.3320 41.47 0.17
104 47.2266870 26.7706857 0.0000 0.0000 -64.46 0.00
104 47.226687 26.770686 0.0000 0.0000 -64.46 0.00
104 47.2266870 26.7706857 0.0000 0.0000 -64.46 0.00
104 47.2266870 26.7706857 0.3965 0.3547 -64.46 0.16
105 47.2330120 26.7586547 0.0000 0.0000 82.08 0.00
105 47.233012 26.758655 0.0000 0.0000 82.08 0.00
105 47.2330120 26.7586547 0.0000 0.0000 82.08 0.00
105 47.2330120 26.7586547 0.5039 0.3101 82.08 0.16
106 47.2135160 26.7658437 0.0000 0.0000 -41.96 0.00
106 47.213516 26.765844 0.0000 0.0000 -41.96 0.00
106 47.2135160 26.7658437 0.0000 0.0000 -41.96 0.00
106 47.2135160 26.7658437 0.4024 0.3459 -41.96 0.16
107 47.2255480 26.7493417 0.0000 0.0000 -6.99 0.00
107 47.225548 26.749342 0.0000 0.0000 -6.99 0.00
107 47.2255480 26.7493417 0.0000 0.0000 -6.99 0.00
107 47.2255480 26.7493417 0.4027 0.3442 -6.99 0.16
108 47.2532940 26.7552887 0.0000 0.0000 -80.84 0.00
108 47.253294 26.755289 0.0000 0.0000 -80.84 0.00
108 47.2532940 26.7552887 0.0000 0.0000 -80.84 0.00
108 47.2532940 26.7552887 0.5447 0.2964 -80.84 0.15
109 47.2164690 26.7653267 0.0000 0.0000 35.76 0.00
109 47.216469 26.765327 0.0000 0.0000 35.76 0.00
109 47.2164690 26.7653267 0.0000 0.0000 35.76 0.00
109 47.2164690 26.7653267 0.3777 0.3536 35.76 0.15
110 47.2367680 26.7552297 0.0000 0.0000 -27.72 0.00
110 47.236768 26.755230 0.0000 0.0000 -27.72 0.00
110 47.2367680 26.7552297 0.0000 0.0000 -27.72 0.00
110 47.2367680 26.7552297 0.3990 0.3381 -27.72 0.15
111 47.2362860 26.7672727 0.0000 0.0000 13.56 0.00
111 47.236286 26.767273 0.0000 0.0000 13.56 0.00
111 47.2362860 26.7672727 0.0000 0.0000 13.56 0.00
111 47.2362860 26.7672727 0.3945 0.3382 13.56 0.15
112 47.2330320 26.7490497 0.0000 0.0000 -81.03 0.00
112 47.233032 26.749050 0.0000 0.0000 -81.03 0.00
112 47.2330320 26.7490497 0.0000 0.0000 -81.03 0.00
112 47.2330320 26.7490497 0.3941 0.3357 -81.03 0.14
113 47.2319770 26.7526527 0.0000 0.0000 -89.17 0.00
113 47.231977 26.752653 0.0000 0.0000 -89.17 0.00
113 47.2319770 26.7526527 0.0000 0.0000 -89.17 0.00
113 47.2319770 26.7526527 0.3797 0.3385 -89.17 0.14
114 47.2179900 26.7639887 0.0000 0.0000 20.70 0.00
114 47.217990 26.763989 0.0000 0.0000 20.70 0.00
114 47.2179900 26.7639887 0.0000 0.0000 20.70 0.00
114 47.2179900 26.7639887 0.3607 0.3446 20.70 0.13
115 47.2280630 26.7569347 0.0000 0.0000 -2.63 0.00
115 47.228063 26.756935 0.0000 0.0000 -2.63 0.00
115 47.2280630 26.7569347 0.0000 0.0000 -2.63 0.00
115 47.2280630 26.7569347 0.3553 0.3316 -2.63 0.12
116 47.2290360 26.7539337 0.0000 0.0000 83.13 0.00
116 47.229036 26.753934 0.0000 0.0000 83.13 0.00
116 47.2290360 26.7539337 0.0000 0.0000 83.13 0.00
116 47.2290360 26.7539337 0.3483 0.3359 83.13 0.11
117 47.2523130 26.7609027 0.0000 0.0000 34.54 0.00
117 47.252313 26.760903 0.0000 0.0000 34.54 0.00
117 47.2523130 26.7609027 0.0000 0.0000 34.54 0.00
117 47.2523130 26.7609027 0.3784 0.3087 34.54 0.11
118 47.2390360 26.7486597 0.0000 0.0000 46.38 0.00
118 47.239036 26.748660 0.0000 0.0000 46.38 0.00
118 47.2390360 26.7486597 0.0000 0.0000 46.38 0.00
118 47.2390360 26.7486597 0.3865 0.2985 46.38 0.10
119 47.2472320 26.7715167 0.0000 0.0000 19.48 0.00
119 47.247232 26.771517 0.0000 0.0000 19.48 0.00
119 47.2472320 26.7715167 0.0000 0.0000 19.48 0.00
119 47.2472320 26.7715167 0.4596 0.2737 19.48 0.10
120 47.2202310 26.7508137 0.0000 0.0000 82.70 0.00
120 47.220231 26.750814 0.0000 0.0000 82.70 0.00
120 47.2202310 26.7508137 0.0000 0.0000 82.70 0.00
120 47.2202310 26.7508137 0.3640 0.3067 82.70 0.10
121 47.2182040 26.7473897 0.0000 0.0000 -47.70 0.00
121 47.218204 26.747390 0.0000 0.0000 -47.70 0.00
121 47.2182040 26.7473897 0.0000 0.0000 -47.70 0.00
121 47.2182040 26.7473897 0.3846 0.2937 -47.70 0.10
122 47.2276780 26.7453907 0.0000 0.0000 -87.12 0.00
122 47.227678 26.745391 0.0000 0.0000 -87.12 0.00
122 47.2276780 26.7453907 0.0000 0.0000 -87.12 0.00
122 47.2276780 26.7453907 0.5513 0.2574 -87.12 0.10
123 47.2199250 26.7581597 0.0000 0.0000 83.83 0.00
123 47.219925 26.758160 0.0000 0.0000 83.83 0.00
123 47.2199250 26.7581597 0.0000 0.0000 83.83 0.00
123 47.2199250 26.7581597 0.3549 0.3079 83.83 0.10
124 47.2246980 26.7640307 0.0000 0.0000 -33.71 0.00
124 47.224698 26.764031 0.0000 0.0000 -33.71 0.00
124 47.2246980 26.7640307 0.0000 0.0000 -33.71 0.00
124 47.2246980 26.7640307 0.4594 0.2628 -33.71 0.09
125 47.2148390 26.7514047 0.0000 0.0000 -12.70 0.00
125 47.214839 26.751405 0.0000 0.0000 -12.70 0.00
125 47.2148390 26.7514047 0.0000 0.0000 -12.70 0.00
125 47.2148390 26.7514047 0.3780 0.2806 -12.70 0.09
126 47.2481660 26.7718217 0.0000 0.0000 -64.51 0.00
126 47.248166 26.771822 0.0000 0.0000 -64.51 0.00
126 47.2481660 26.7718217 0.0000 0.0000 -64.51 0.00
126 47.2481660 26.7718217 0.3364 0.2969 -64.51 0.08
127 47.2428020 26.7765277 0.0000 0.0000 -43.51 0.00
127 47.242802 26.776528 0.0000 0.0000 -43.51 0.00
127 47.2428020 26.7765277 0.0000 0.0000 -43.51 0.00
127 47.2428020 26.7765277 0.3220 0.3057 -43.51 0.08
128 47.2332330 26.7798547 0.0000 0.0000 -82.27 0.00
128 47.233233 26.779855 0.0000 0.0000 -82.27 0.00
128 47.2332330 26.7798547 0.0000 0.0000 -82.27 0.00
128 47.2332330 26.7798547 0.3277 0.2996 -82.27 0.08
129 47.2541590 26.7583977 0.0000 0.0000 8.18 0.00
129 47.254159 26.758398 0.0000 0.0000 8.18 0.00
129 47.2541590 26.7583977 0.0000 0.0000 8.18 0.00
129 47.2541590 26.7583977 0.3861 0.2681 8.18 0.08
130 47.2412840 26.7529587 0.0000 0.0000 46.98 0.00
130 47.241284 26.752959 0.0000 0.0000 46.98 0.00
130 47.2412840 26.7529587 0.0000 0.0000 46.98 0.00
130 47.2412840 26.7529587 0.4468 0.2508 46.98 0.08
131 47.2437770 26.7805317 0.0000 0.0000 78.02 0.00
131 47.243777 26.780532 0.0000 0.0000 78.02 0.00
131 47.2437770 26.7805317 0.0000 0.0000 78.02 0.00
131 47.2437770 26.7805317 0.3433 0.2823 78.02 0.08
132 47.2246350 26.7644447 0.0000 0.0000 58.08 0.00
132 47.224635 26.764445 0.0000 0.0000 58.08 0.00
132 47.2246350 26.7644447 0.0000 0.0000 58.08 0.00
132 47.2246350 26.7644447 0.3451 0.2799 58.08 0.08
133 47.2402230 26.7758507 0.0000 0.0000 49.64 0.00
133 47.240223 26.775851 0.0000 0.0000 49.64 0.00
133 47.2402230 26.7758507 0.0000 0.0000 49.64 0.00
133 47.2402230 26.7758507 0.3124 0.3014 49.64 0.07
134 47.2192710 26.7584337 0.0000 0.0000 56.36 0.00
134 47.219271 26.758434 0.0000 0.0000 56.36 0.00
134 47.2192710 26.7584337 0.0000 0.0000 56.36 0.00
134 47.2192710 26.7584337 0.6002 0.2314 56.36 0.07
135 47.2237190 26.7533577 0.0000 0.0000 -85.52 0.00
135 47.223719 26.753358 0.0000 0.0000 -85.52 0.00
135 47.2237190 26.7533577 0.0000 0.0000 -85.52 0.00
135 47.2237190 26.7533577 0.3843 0.2581 -85.52 0.07
136 47.2353900 26.7532857 0.0000 0.0000 15.66 0.00
136 47.235390 26.753286 0.0000 0.0000 15.66 0.00
136 47.2353900 26.7532857 0.0000 0.0000 15.66 0.00
136 47.2353900 26.7532857 0.3149 0.2912 15.66 0.07
137 47.2432180 26.7734997 0.0000 0.0000 -9.80 0.00
137 47.243218 26.773500 0.0000 0.0000 -9.80 0.00
137 47.2432180 26.7734997 0.0000 0.0000 -9.80 0.00
137 47.2432180 26.7734997 0.3869 0.2548 -9.80 0.07
138 47.2383240 26.7680577 0.0000 0.0000 -60.77 0.00
138 47.238324 26.768058 0.0000 0.0000 -60.77 0.00
138 47.2383240 26.7680577 0.0000 0.0000 -60.77 0.00
138 47.2383240 26.7680577 0.3056 0.2946 -60.77 0.07
139 47.2357630 26.7695387 0.0000 0.0000 -12.33 0.00
139 47.235763 26.769539 0.0000 0.0000 -12.33 0.00
139 47.2357630 26.7695387 0.0000 0.0000 -12.33 0.00
139 47.2357630 26.7695387 0.4216 0.2447 -12.33 0.07
140 47.2429400 26.7499997 0.0000 0.0000 -73.43 0.00
140 47.242940 26.750000 0.0000 0.0000 -73.43 0.00
140 47.2429400 26.7499997 0.0000 0.0000 -73.43 0.00
140 47.2429400 26.7499997 0.3097 0.2820 -73.43 0.06
141 47.2320760 26.7685547 0.0000 0.0000 -63.72 0.00
141 47.232076 26.768555 0.0000 0.0000 -63.72 0.00
141 47.2320760 26.7685547 0.0000 0.0000 -63.72 0.00
141 47.2320760 26.7685547 0.3995 0.2425 -63.72 0.06
142 47.2229760 26.7491197 0.0000 0.0000 6.39 0.00
142 47.222976 26.749120 0.0000 0.0000 6.39 0.00
142 47.2229760 26.7491197 0.0000 0.0000 6.39 0.00
142 47.2229760 26.7491197 0.1794 0.1574 6.39 0.01
