#REFERENCE 3 47.2332780 26.7604950
1.3 6.102 0.433 0.197 0.058 21.65 1.270 1.85 -1.722 -0.174 -0.57 2.42
1.3 6.102 0.433 0.197 0.058 21.65 1.270 1.85 -18.664 -0.086 1.69 0.16
1.3 6.102 0.433 0.197 0.058 21.65 1.270 1.85 35.320 19.760 1.85 0.00
1.2 7.329 0.818 0.381 0.092 96.50 1.270 0.63 36.944 20.016 1.73 -1.10
1.2 7.329 0.818 0.381 0.092 96.50 1.270 0.63 -14.399 -1.194 2.02 -1.39
1.2 7.329 0.818 0.381 0.092 96.50 1.270 0.63 -4.404 -0.565 0.63 0.00
1.1 6.865 0.519 0.149 0.078 90.12 1.270 1.82 36.485 19.331 1.79 0.03
1.1 6.865 0.519 0.149 0.078 90.12 1.270 1.82 -3.248 -0.304 0.15 1.67
1.1 6.865 0.519 0.149 0.078 90.12 1.270 1.82 -16.050 -0.706 1.82 0.00
10.1b 3.486 0.612 0.183 0.065 169.49 1.777 1.80 31.534 30.145 2.04 -0.24
10.1b 3.486 0.612 0.183 0.065 169.49 1.777 1.80 -0.044 -0.011 -8.18 9.98
10.1b 3.486 0.612 0.183 0.065 169.49 1.777 1.80 -27.017 2.974 1.80 -0.00
10.1a 3.356 0.989 0.193 0.056 43.92 1.777 1.90 -27.499 1.669 1.83 0.07
10.1a 3.356 0.989 0.193 0.056 43.92 1.777 1.90 -0.042 -0.018 -8.19 10.09
10.1a 3.356 0.989 0.193 0.056 43.92 1.777 1.90 30.527 31.526 1.90 0.00
B4b 2.211 4.843 0.207 0.065 63.20 1.894 1.66 -0.136 -0.431 -3.23 4.90
B4b 2.211 4.843 0.207 0.065 63.20 1.894 1.66 -9.362 -28.339 2.08 -0.42
B4b 2.211 4.843 0.207 0.065 63.20 1.894 1.66 22.228 42.512 1.66 -0.00
B4a 2.013 4.900 0.147 0.054 70.39 1.894 2.24 21.506 42.818 1.67 0.57
B4a 2.013 4.900 0.147 0.054 70.39 1.894 2.24 -8.531 -28.642 2.24 -0.00
B3b 2.035 4.667 0.206 0.064 63.74 1.894 1.69 -0.093 -0.320 -3.85 5.54
B3b 2.035 4.667 0.206 0.064 63.74 1.894 1.69 -9.057 -28.833 2.07 -0.38
B3b 2.035 4.667 0.206 0.064 63.74 1.894 1.69 21.826 42.394 1.69 0.00
B3a 1.875 4.685 0.143 0.051 69.04 1.894 2.34 -0.080 -0.311 -3.92 6.26
B3a 1.875 4.685 0.143 0.051 69.04 1.894 2.34 21.260 42.595 1.70 0.64
B3a 1.875 4.685 0.143 0.051 69.04 1.894 2.34 -8.435 -29.135 2.34 -0.00
B2b 2.093 5.182 0.207 0.066 64.97 1.894 1.64 -0.177 -0.637 -2.59 4.23
B2b 2.093 5.182 0.207 0.066 64.97 1.894 1.64 -8.294 -28.195 2.27 -0.63
B2b 2.093 5.182 0.207 0.066 64.97 1.894 1.64 21.492 43.211 1.64 0.00
B2a 1.906 5.186 0.140 0.041 72.33 1.894 2.59 -0.148 -0.607 -2.67 5.26
B2a 1.906 5.186 0.140 0.041 72.33 1.894 2.59 20.863 43.398 1.65 0.93
B2a 1.906 5.186 0.140 0.041 72.33 1.894 2.59 -7.432 -28.584 2.59 -0.00
B1b 2.435 4.801 0.207 0.066 61.68 1.894 1.66 -0.161 -0.445 -3.14 4.80
B1b 2.435 4.801 0.207 0.066 61.68 1.894 1.66 -10.271 -28.015 2.22 -0.57
B1b 2.435 4.801 0.207 0.066 61.68 1.894 1.66 23.002 42.199 1.66 0.00
B1a 2.178 4.908 0.150 0.060 71.51 1.894 2.11 -0.142 -0.464 -3.10 5.21
B1a 2.178 4.908 0.150 0.060 71.51 1.894 2.11 22.049 42.661 1.66 0.45
B1a 2.178 4.908 0.150 0.060 71.51 1.894 2.11 -9.129 -28.325 2.11 -0.00
I2c 1.443 -1.834 0.187 0.054 150.41 1.914 1.97 32.548 23.018 2.65 -0.68
I2c 1.443 -1.834 0.187 0.054 150.41 1.914 1.97 -6.063 -40.666 2.44 -0.47
I2c 1.443 -1.834 0.187 0.054 150.41 1.914 1.97 30.573 25.911 2.67 -0.70
I2c 1.443 -1.834 0.187 0.054 150.41 1.914 1.97 31.001 24.868 1.46 0.51
I2c 1.443 -1.834 0.187 0.054 150.41 1.914 1.97 -0.006 0.030 -8.83 10.80
I2c 1.443 -1.834 0.187 0.054 150.41 1.914 1.97 32.444 -13.504 2.61 -0.63
I2c 1.443 -1.834 0.187 0.054 150.41 1.914 1.97 -24.468 15.995 1.97 -0.00
I2b 1.097 -1.888 0.210 0.022 157.40 1.914 2.85 -8.342 -40.739 2.38 0.47
I2b 1.097 -1.888 0.210 0.022 157.40 1.914 2.85 29.602 26.438 2.54 0.31
I2b 1.097 -1.888 0.210 0.022 157.40 1.914 2.85 -0.002 0.031 -8.83 11.68
I2b 1.097 -1.888 0.210 0.022 157.40 1.914 2.85 -24.266 17.073 2.03 0.82
I2b 1.097 -1.888 0.210 0.022 157.40 1.914 2.85 32.916 -11.542 2.85 -0.00
I2a 1.076 -1.883 0.180 0.039 87.63 1.914 2.38 32.904 -11.504 2.85 -0.47
I2a 1.076 -1.883 0.180 0.039 87.63 1.914 2.38 29.521 26.518 2.53 -0.14
I2a 1.076 -1.883 0.180 0.039 87.63 1.914 2.38 -24.276 17.110 2.03 0.35
I2a 1.076 -1.883 0.180 0.039 87.63 1.914 2.38 -0.001 0.031 -8.84 11.22
I2a 1.076 -1.883 0.180 0.039 87.63 1.914 2.38 -8.476 -40.727 2.38 -0.00
I1c 1.816 -1.802 0.185 0.056 151.30 1.914 1.95 -3.326 -40.438 2.66 -0.71
I1c 1.816 -1.802 0.185 0.056 151.30 1.914 1.95 33.463 22.313 2.51 -0.56
I1c 1.816 -1.802 0.185 0.056 151.30 1.914 1.95 -0.012 0.030 -8.76 10.71
I1c 1.816 -1.802 0.185 0.056 151.30 1.914 1.95 32.130 -15.058 2.28 -0.33
I1c 1.816 -1.802 0.185 0.056 151.30 1.914 1.95 -24.568 14.962 1.95 0.00
I1b 1.489 -1.813 0.213 0.028 155.31 1.914 2.54 -5.744 -40.626 2.46 0.08
I1b 1.489 -1.813 0.213 0.028 155.31 1.914 2.54 32.624 23.033 2.63 -0.10
I1b 1.489 -1.813 0.213 0.028 155.31 1.914 2.54 30.680 25.916 2.68 -0.14
I1b 1.489 -1.813 0.213 0.028 155.31 1.914 2.54 31.373 25.002 -4.77 7.30
I1b 1.489 -1.813 0.213 0.028 155.31 1.914 2.54 -0.007 0.030 -8.84 11.37
I1b 1.489 -1.813 0.213 0.028 155.31 1.914 2.54 -24.527 15.811 1.97 0.57
I1b 1.489 -1.813 0.213 0.028 155.31 1.914 2.54 32.334 -13.838 2.54 -0.00
I1a 1.461 -1.857 0.180 0.037 92.21 1.914 2.44 32.525 -13.401 2.64 -0.20
I1a 1.461 -1.857 0.180 0.037 92.21 1.914 2.44 32.662 22.822 2.62 -0.18
I1a 1.461 -1.857 0.180 0.037 92.21 1.914 2.44 30.687 25.749 2.78 -0.34
I1a 1.461 -1.857 0.180 0.037 92.21 1.914 2.44 -24.411 16.020 1.97 0.47
I1a 1.461 -1.857 0.180 0.037 92.21 1.914 2.44 30.978 24.944 1.64 0.80
I1a 1.461 -1.857 0.180 0.037 92.21 1.914 2.44 -0.007 0.031 -8.81 11.25
I1a 1.461 -1.857 0.180 0.037 92.21 1.914 2.44 -5.940 -40.694 2.44 -0.00
3.2 -5.585 5.941 0.135 0.128 48.92 2.022 1.39 -11.605 44.783 1.86 -0.47
3.2 -5.585 5.941 0.135 0.128 48.92 2.022 1.39 2.758 -2.614 -0.71 2.10
3.2 -5.585 5.941 0.135 0.128 48.92 2.022 1.39 15.612 -14.620 1.39 -0.00
3.1 -6.231 5.527 0.234 0.043 116.59 2.022 1.99 3.109 -2.468 -0.72 2.71
3.1 -6.231 5.527 0.234 0.043 116.59 2.022 1.99 16.035 -13.338 1.33 0.66
3.1 -6.231 5.527 0.234 0.043 116.59 2.022 1.99 -15.317 42.973 1.99 0.00
K2b 0.797 -12.942 0.218 0.076 90.44 3.290 1.44 -0.616 8.728 0.55 0.89
K2b 0.797 -12.942 0.218 0.076 90.44 3.290 1.44 -3.810 20.822 1.84 -0.40
K2b 0.797 -12.942 0.218 0.076 90.44 3.290 1.44 -11.488 -59.278 1.44 0.00
K2a 1.211 -12.915 0.134 0.089 19.10 3.290 1.79 -10.077 -59.215 1.52 0.28
K2a 1.211 -12.915 0.134 0.089 19.10 3.290 1.79 -0.906 8.753 0.56 1.24
K2a 1.211 -12.915 0.134 0.089 19.10 3.290 1.79 -4.449 20.311 1.79 -0.00
K1b 0.574 -12.532 0.218 0.075 88.31 3.290 1.45 -0.383 7.694 0.38 1.07
K1b 0.574 -12.532 0.218 0.075 88.31 3.290 1.45 -3.984 22.023 1.83 -0.38
K1b 0.574 -12.532 0.218 0.075 88.31 3.290 1.45 -12.234 -58.802 1.45 0.00
K1a 0.977 -12.497 0.120 0.101 19.54 3.290 1.79 -10.857 -58.760 1.51 0.28
K1a 0.977 -12.497 0.120 0.101 19.54 3.290 1.79 -0.635 7.709 0.39 1.40
K1a 0.977 -12.497 0.120 0.101 19.54 3.290 1.79 -4.706 21.535 1.79 0.00
8.3 1.882 -2.854 0.184 0.065 151.67 3.380 1.80 38.055 22.653 2.64 -0.85
8.3 1.882 -2.854 0.184 0.065 151.67 3.380 1.80 -8.172 -47.035 2.20 -0.40
8.3 1.882 -2.854 0.184 0.065 151.67 3.380 1.80 38.501 -10.478 2.79 -1.00
8.3 1.882 -2.854 0.184 0.065 151.67 3.380 1.80 -0.012 0.051 -8.21 10.01
8.3 1.882 -2.854 0.184 0.065 151.67 3.380 1.80 -26.239 18.493 1.80 0.00
8.2 1.590 -3.230 0.221 0.012 166.62 3.380 3.46 -9.712 -47.458 2.13 1.33
8.2 1.590 -3.230 0.221 0.012 166.62 3.380 3.46 38.437 20.289 2.79 0.67
8.2 1.590 -3.230 0.221 0.012 166.62 3.380 3.46 -25.302 20.243 1.92 1.54
8.2 1.590 -3.230 0.221 0.012 166.62 3.380 3.46 -0.008 0.065 -7.82 11.28
8.2 1.590 -3.230 0.221 0.012 166.62 3.380 3.46 40.020 -4.633 3.46 0.00
8.1 1.807 -3.708 0.192 0.047 86.39 3.380 2.09 40.489 13.792 3.73 -1.64
8.1 1.807 -3.708 0.192 0.047 86.39 3.380 2.09 41.035 11.778 3.13 -1.04
8.1 1.807 -3.708 0.192 0.047 86.39 3.380 2.09 -0.014 0.091 -7.05 9.14
8.1 1.807 -3.708 0.192 0.047 86.39 3.380 2.09 -24.149 20.891 1.88 0.22
8.1 1.807 -3.708 0.192 0.047 86.39 3.380 2.09 -8.409 -48.146 2.09 0.00
7.2d 1.430 -2.960 0.198 0.025 23.88 3.390 2.75 38.944 -7.703 2.79 -0.05
7.2d 1.430 -2.960 0.198 0.025 23.88 3.390 2.75 -10.709 -47.064 2.15 0.59
7.2d 1.430 -2.960 0.198 0.025 23.88 3.390 2.75 -25.978 19.903 1.98 0.77
7.2d 1.430 -2.960 0.198 0.025 23.88 3.390 2.75 -0.005 0.054 -8.18 10.93
7.2d 1.430 -2.960 0.198 0.025 23.88 3.390 2.75 37.226 23.170 2.75 -0.00
7.2c 2.419 -2.139 0.186 0.066 150.95 3.390 1.76 -4.200 -46.155 2.57 -0.81
7.2c 2.419 -2.139 0.186 0.066 150.95 3.390 1.76 37.424 26.300 2.46 -0.70
7.2c 2.419 -2.139 0.186 0.066 150.95 3.390 1.76 -0.018 0.034 -8.67 10.44
7.2c 2.419 -2.139 0.186 0.066 150.95 3.390 1.76 35.238 -18.294 2.25 -0.49
7.2c 2.419 -2.139 0.186 0.066 150.95 3.390 1.76 -27.512 15.872 1.76 -0.00
7.2b 2.147 -2.982 0.189 0.036 91.69 3.390 2.41 38.956 -10.193 2.87 -0.47
7.2b 2.147 -2.982 0.189 0.036 91.69 3.390 2.41 39.030 20.930 2.65 -0.24
7.2b 2.147 -2.982 0.189 0.036 91.69 3.390 2.41 -25.932 18.261 1.72 0.68
7.2b 2.147 -2.982 0.189 0.036 91.69 3.390 2.41 -0.017 0.057 -7.97 10.38
7.2b 2.147 -2.982 0.189 0.036 91.69 3.390 2.41 -6.580 -47.232 2.41 0.00
7.2a 2.229 -2.814 0.224 0.021 159.00 3.390 2.82 -5.849 -46.996 2.85 -0.03
7.2a 2.229 -2.814 0.224 0.021 159.00 3.390 2.82 38.776 22.051 2.59 0.23
7.2a 2.229 -2.814 0.224 0.021 159.00 3.390 2.82 -0.018 0.051 -8.13 10.95
7.2a 2.229 -2.814 0.224 0.021 159.00 3.390 2.82 -26.247 17.696 1.58 1.24
7.2a 2.229 -2.814 0.224 0.021 159.00 3.390 2.82 38.197 -12.366 2.82 -0.00
6.3 9.506 -7.844 0.212 0.080 55.30 3.957 1.42 28.687 -42.793 2.15 -0.73
6.3 9.506 -7.844 0.212 0.080 55.30 3.957 1.42 -6.163 4.937 0.67 0.75
6.3 9.506 -7.844 0.212 0.080 55.30 3.957 1.42 -13.555 10.073 1.42 0.00
6.2 9.306 -7.923 0.407 0.092 52.26 3.957 0.56 27.543 -43.678 2.12 -1.57
6.2 9.306 -7.923 0.407 0.092 52.26 3.957 0.56 -13.727 10.455 1.37 -0.81
6.2 9.306 -7.923 0.407 0.092 52.26 3.957 0.56 -5.844 4.838 0.56 -0.00
6.1 9.515 -7.801 0.248 0.035 131.54 3.957 2.15 -6.136 4.886 0.65 1.51
6.1 9.515 -7.801 0.248 0.035 131.54 3.957 2.15 -13.625 10.063 1.42 0.74
6.1 9.515 -7.801 0.248 0.035 131.54 3.957 2.15 28.859 -42.606 2.15 -0.00
12.2 0.149 -8.275 0.205 0.075 78.89 5.560 1.53 0.238 2.023 -1.93 3.46
12.2 0.149 -8.275 0.205 0.075 78.89 5.560 1.53 -13.132 29.784 2.47 -0.94
12.2 0.149 -8.275 0.205 0.075 78.89 5.560 1.53 -16.551 -55.958 1.53 0.00
12.1 0.278 -8.066 0.157 0.044 122.67 5.560 2.38 0.202 1.869 -2.00 4.39
12.1 0.278 -8.066 0.157 0.044 122.67 5.560 2.38 -16.211 -55.737 1.55 0.83
12.1 0.278 -8.066 0.157 0.044 122.67 5.560 2.38 -14.295 29.268 2.38 0.00
D1c 9.865 -7.331 0.493 0.131 55.06 6.200 -0.03 31.326 -42.027 2.31 -2.34
D1c 9.865 -7.331 0.493 0.131 55.06 6.200 -0.03 -16.331 10.979 1.27 -1.30
D1c 9.865 -7.331 0.493 0.131 55.06 6.200 -0.03 -5.111 3.722 -0.03 0.00
D1b 10.059 -6.928 0.251 0.024 135.77 6.200 2.54 -5.133 3.469 -0.07 2.61
D1b 10.059 -6.928 0.251 0.024 135.77 6.200 2.54 -16.777 10.562 1.29 1.25
D1b 10.059 -6.928 0.251 0.024 135.77 6.200 2.54 34.211 -38.966 2.54 0.00
D1a 10.153 -7.074 0.190 0.100 57.31 6.200 1.29 34.059 -39.364 2.49 -1.20
D1a 10.153 -7.074 0.190 0.100 57.31 6.200 1.29 -5.372 3.668 0.03 1.26
D1a 10.153 -7.074 0.190 0.100 57.31 6.200 1.29 -16.397 10.433 1.29 0.00
13.2 2.282 -0.950 0.193 0.034 85.31 7.600 2.44 34.881 -22.370 1.81 0.63
13.2 2.282 -0.950 0.193 0.034 85.31 7.600 2.44 -32.735 12.965 1.73 0.71
13.2 2.282 -0.950 0.193 0.034 85.31 7.600 2.44 35.575 36.136 1.99 0.46
13.2 2.282 -0.950 0.193 0.034 85.31 7.600 2.44 -0.013 0.013 -9.57 12.02
13.2 2.282 -0.950 0.193 0.034 85.31 7.600 2.44 -9.647 -48.157 2.44 -0.00
13.1 2.208 -0.680 0.227 0.044 147.46 7.600 2.00 -10.328 -47.756 2.48 -0.48
13.1 2.208 -0.680 0.227 0.044 147.46 7.600 2.00 34.840 37.160 1.96 0.04
13.1 2.208 -0.680 0.227 0.044 147.46 7.600 2.00 -0.012 0.009 -9.66 11.66
13.1 2.208 -0.680 0.227 0.044 147.46 7.600 2.00 -33.236 12.149 1.74 0.26
13.1 2.208 -0.680 0.227 0.044 147.46 7.600 2.00 34.153 -23.090 2.00 0.00
